254.38, 133.64, 200.28
245.43, 133.64, 200.28
236.48, 133.64, 200.28
227.54, 133.64, 200.28
209.64, 142.59, 200.28
218.59, 142.59, 200.28
227.54, 142.59, 200.28
236.48, 142.59, 200.28
245.43, 142.59, 200.28
254.38, 142.59, 200.28
272.27, 151.53, 200.28
263.33, 151.53, 200.28
254.38, 151.53, 200.28
245.43, 151.53, 200.28
236.48, 151.53, 200.28
227.54, 151.53, 200.28
218.59, 151.53, 200.28
209.64, 151.53, 200.28
200.69, 160.48, 200.28
209.64, 160.48, 200.28
218.59, 160.48, 200.28
227.54, 160.48, 200.28
236.48, 160.48, 200.28
245.43, 160.48, 200.28
254.38, 160.48, 200.28
263.33, 160.48, 200.28
272.27, 169.43, 200.28
263.33, 169.43, 200.28
254.38, 169.43, 200.28
245.43, 169.43, 200.28
236.48, 169.43, 200.28
227.54, 169.43, 200.28
218.59, 169.43, 200.28
209.64, 169.43, 200.28
200.69, 178.37, 200.28
209.64, 178.37, 200.28
218.59, 178.37, 200.28
227.54, 178.37, 200.28
236.48, 178.37, 200.28
245.43, 178.37, 200.28
254.38, 178.37, 200.28
263.33, 178.37, 200.28
263.33, 187.32, 200.28
254.38, 187.32, 200.28
245.43, 187.32, 200.28
236.48, 187.32, 200.28
227.54, 187.32, 200.28
218.59, 187.32, 200.28
218.59, 196.27, 200.28
227.54, 196.27, 200.28
236.48, 196.27, 200.28
245.43, 196.27, 200.28
254.38, 223.11, 209.22
245.43, 223.11, 209.22
236.48, 223.11, 209.22
227.54, 223.11, 209.22
200.69, 214.16, 209.22
209.64, 214.16, 209.22
218.59, 214.16, 209.22
227.54, 214.16, 209.22
236.48, 214.16, 209.22
245.43, 214.16, 209.22
254.38, 214.16, 209.22
263.33, 214.16, 209.22
281.22, 205.22, 209.22
272.27, 205.22, 209.22
263.33, 205.22, 209.22
254.38, 205.22, 209.22
245.43, 205.22, 209.22
236.48, 205.22, 209.22
227.54, 205.22, 209.22
218.59, 205.22, 209.22
209.64, 205.22, 209.22
200.69, 205.22, 209.22
191.75, 196.27, 209.22
200.69, 196.27, 209.22
209.64, 196.27, 209.22
218.59, 196.27, 209.22
227.54, 196.27, 209.22
236.48, 196.27, 209.22
245.43, 196.27, 209.22
254.38, 196.27, 209.22
263.33, 196.27, 209.22
272.27, 196.27, 209.22
290.17, 187.32, 209.22
281.22, 187.32, 209.22
272.27, 187.32, 209.22
263.33, 187.32, 209.22
254.38, 187.32, 209.22
245.43, 187.32, 209.22
236.48, 187.32, 209.22
227.54, 187.32, 209.22
218.59, 187.32, 209.22
209.64, 187.32, 209.22
200.69, 187.32, 209.22
191.75, 187.32, 209.22
182.80, 178.37, 209.22
191.75, 178.37, 209.22
200.69, 178.37, 209.22
209.64, 178.37, 209.22
218.59, 178.37, 209.22
227.54, 178.37, 209.22
236.48, 178.37, 209.22
245.43, 178.37, 209.22
254.38, 178.37, 209.22
263.33, 178.37, 209.22
272.27, 178.37, 209.22
281.22, 178.37, 209.22
290.17, 169.43, 209.22
281.22, 169.43, 209.22
272.27, 169.43, 209.22
263.33, 169.43, 209.22
254.38, 169.43, 209.22
245.43, 169.43, 209.22
236.48, 169.43, 209.22
227.54, 169.43, 209.22
218.59, 169.43, 209.22
209.64, 169.43, 209.22
200.69, 169.43, 209.22
191.75, 169.43, 209.22
182.80, 160.48, 209.22
191.75, 160.48, 209.22
200.69, 160.48, 209.22
209.64, 160.48, 209.22
218.59, 160.48, 209.22
227.54, 160.48, 209.22
236.48, 160.48, 209.22
245.43, 160.48, 209.22
254.38, 160.48, 209.22
263.33, 160.48, 209.22
272.27, 160.48, 209.22
281.22, 160.48, 209.22
281.22, 151.53, 209.22
272.27, 151.53, 209.22
263.33, 151.53, 209.22
254.38, 151.53, 209.22
245.43, 151.53, 209.22
236.48, 151.53, 209.22
227.54, 151.53, 209.22
218.59, 151.53, 209.22
209.64, 151.53, 209.22
200.69, 151.53, 209.22
191.75, 142.59, 209.22
200.69, 142.59, 209.22
209.64, 142.59, 209.22
218.59, 142.59, 209.22
227.54, 142.59, 209.22
236.48, 142.59, 209.22
245.43, 142.59, 209.22
254.38, 142.59, 209.22
263.33, 142.59, 209.22
272.27, 142.59, 209.22
272.27, 133.64, 209.22
263.33, 133.64, 209.22
254.38, 133.64, 209.22
245.43, 133.64, 209.22
236.48, 133.64, 209.22
227.54, 133.64, 209.22
218.59, 133.64, 209.22
209.64, 133.64, 209.22
218.59, 124.69, 209.22
227.54, 124.69, 209.22
236.48, 124.69, 209.22
245.43, 124.69, 209.22
218.59, 106.80, 218.17
227.54, 106.80, 218.17
236.48, 106.80, 218.17
245.43, 106.80, 218.17
272.27, 115.74, 218.17
263.33, 115.74, 218.17
254.38, 115.74, 218.17
245.43, 115.74, 218.17
236.48, 115.74, 218.17
227.54, 115.74, 218.17
218.59, 115.74, 218.17
209.64, 115.74, 218.17
191.75, 124.69, 218.17
200.69, 124.69, 218.17
209.64, 124.69, 218.17
218.59, 124.69, 218.17
227.54, 124.69, 218.17
236.48, 124.69, 218.17
245.43, 124.69, 218.17
254.38, 124.69, 218.17
263.33, 124.69, 218.17
272.27, 124.69, 218.17
290.17, 133.64, 218.17
281.22, 133.64, 218.17
272.27, 133.64, 218.17
263.33, 133.64, 218.17
254.38, 133.64, 218.17
245.43, 133.64, 218.17
236.48, 133.64, 218.17
227.54, 133.64, 218.17
218.59, 133.64, 218.17
209.64, 133.64, 218.17
200.69, 133.64, 218.17
191.75, 133.64, 218.17
182.80, 142.59, 218.17
191.75, 142.59, 218.17
200.69, 142.59, 218.17
209.64, 142.59, 218.17
218.59, 142.59, 218.17
227.54, 142.59, 218.17
236.48, 142.59, 218.17
245.43, 142.59, 218.17
254.38, 142.59, 218.17
263.33, 142.59, 218.17
272.27, 142.59, 218.17
281.22, 142.59, 218.17
299.11, 151.53, 218.17
290.17, 151.53, 218.17
281.22, 151.53, 218.17
272.27, 151.53, 218.17
263.33, 151.53, 218.17
254.38, 151.53, 218.17
245.43, 151.53, 218.17
236.48, 151.53, 218.17
227.54, 151.53, 218.17
218.59, 151.53, 218.17
209.64, 151.53, 218.17
200.69, 151.53, 218.17
191.75, 151.53, 218.17
182.80, 151.53, 218.17
173.85, 160.48, 218.17
182.80, 160.48, 218.17
191.75, 160.48, 218.17
200.69, 160.48, 218.17
209.64, 160.48, 218.17
218.59, 160.48, 218.17
227.54, 160.48, 218.17
236.48, 160.48, 218.17
245.43, 160.48, 218.17
254.38, 160.48, 218.17
263.33, 160.48, 218.17
272.27, 160.48, 218.17
281.22, 160.48, 218.17
290.17, 160.48, 218.17
299.11, 169.43, 218.17
290.17, 169.43, 218.17
281.22, 169.43, 218.17
272.27, 169.43, 218.17
263.33, 169.43, 218.17
254.38, 169.43, 218.17
245.43, 169.43, 218.17
236.48, 169.43, 218.17
227.54, 169.43, 218.17
218.59, 169.43, 218.17
209.64, 169.43, 218.17
200.69, 169.43, 218.17
191.75, 169.43, 218.17
182.80, 169.43, 218.17
173.85, 178.37, 218.17
182.80, 178.37, 218.17
191.75, 178.37, 218.17
200.69, 178.37, 218.17
209.64, 178.37, 218.17
218.59, 178.37, 218.17
227.54, 178.37, 218.17
236.48, 178.37, 218.17
245.43, 178.37, 218.17
254.38, 178.37, 218.17
263.33, 178.37, 218.17
272.27, 178.37, 218.17
281.22, 178.37, 218.17
290.17, 178.37, 218.17
290.17, 187.32, 218.17
281.22, 187.32, 218.17
272.27, 187.32, 218.17
263.33, 187.32, 218.17
254.38, 187.32, 218.17
245.43, 187.32, 218.17
236.48, 187.32, 218.17
227.54, 187.32, 218.17
218.59, 187.32, 218.17
209.64, 187.32, 218.17
200.69, 187.32, 218.17
191.75, 187.32, 218.17
182.80, 196.27, 218.17
191.75, 196.27, 218.17
200.69, 196.27, 218.17
209.64, 196.27, 218.17
218.59, 196.27, 218.17
227.54, 196.27, 218.17
236.48, 196.27, 218.17
245.43, 196.27, 218.17
254.38, 196.27, 218.17
263.33, 196.27, 218.17
272.27, 196.27, 218.17
281.22, 196.27, 218.17
281.22, 205.22, 218.17
272.27, 205.22, 218.17
263.33, 205.22, 218.17
254.38, 205.22, 218.17
245.43, 205.22, 218.17
236.48, 205.22, 218.17
227.54, 205.22, 218.17
218.59, 205.22, 218.17
209.64, 205.22, 218.17
200.69, 205.22, 218.17
200.69, 214.16, 218.17
209.64, 214.16, 218.17
218.59, 214.16, 218.17
227.54, 214.16, 218.17
236.48, 214.16, 218.17
245.43, 214.16, 218.17
254.38, 214.16, 218.17
263.33, 214.16, 218.17
254.38, 223.11, 218.17
245.43, 223.11, 218.17
236.48, 223.11, 218.17
227.54, 223.11, 218.17
254.38, 241.01, 227.12
245.43, 241.01, 227.12
236.48, 241.01, 227.12
227.54, 241.01, 227.12
200.69, 232.06, 227.12
209.64, 232.06, 227.12
218.59, 232.06, 227.12
227.54, 232.06, 227.12
236.48, 232.06, 227.12
245.43, 232.06, 227.12
254.38, 232.06, 227.12
263.33, 232.06, 227.12
281.22, 223.11, 227.12
272.27, 223.11, 227.12
263.33, 223.11, 227.12
254.38, 223.11, 227.12
245.43, 223.11, 227.12
236.48, 223.11, 227.12
227.54, 223.11, 227.12
218.59, 223.11, 227.12
209.64, 223.11, 227.12
200.69, 223.11, 227.12
182.80, 214.16, 227.12
191.75, 214.16, 227.12
200.69, 214.16, 227.12
209.64, 214.16, 227.12
218.59, 214.16, 227.12
227.54, 214.16, 227.12
236.48, 214.16, 227.12
245.43, 214.16, 227.12
254.38, 214.16, 227.12
263.33, 214.16, 227.12
272.27, 214.16, 227.12
281.22, 214.16, 227.12
299.11, 205.22, 227.12
290.17, 205.22, 227.12
281.22, 205.22, 227.12
272.27, 205.22, 227.12
263.33, 205.22, 227.12
254.38, 205.22, 227.12
245.43, 205.22, 227.12
236.48, 205.22, 227.12
227.54, 205.22, 227.12
218.59, 205.22, 227.12
209.64, 205.22, 227.12
200.69, 205.22, 227.12
191.75, 205.22, 227.12
182.80, 205.22, 227.12
173.85, 196.27, 227.12
182.80, 196.27, 227.12
191.75, 196.27, 227.12
200.69, 196.27, 227.12
209.64, 196.27, 227.12
218.59, 196.27, 227.12
227.54, 196.27, 227.12
236.48, 196.27, 227.12
245.43, 196.27, 227.12
254.38, 196.27, 227.12
263.33, 196.27, 227.12
272.27, 196.27, 227.12
281.22, 196.27, 227.12
290.17, 196.27, 227.12
308.06, 187.32, 227.12
299.11, 187.32, 227.12
290.17, 187.32, 227.12
281.22, 187.32, 227.12
272.27, 187.32, 227.12
263.33, 187.32, 227.12
254.38, 187.32, 227.12
245.43, 187.32, 227.12
236.48, 187.32, 227.12
227.54, 187.32, 227.12
218.59, 187.32, 227.12
209.64, 187.32, 227.12
200.69, 187.32, 227.12
191.75, 187.32, 227.12
182.80, 187.32, 227.12
173.85, 187.32, 227.12
164.90, 178.37, 227.12
173.85, 178.37, 227.12
182.80, 178.37, 227.12
191.75, 178.37, 227.12
200.69, 178.37, 227.12
209.64, 178.37, 227.12
218.59, 178.37, 227.12
227.54, 178.37, 227.12
236.48, 178.37, 227.12
245.43, 178.37, 227.12
254.38, 178.37, 227.12
263.33, 178.37, 227.12
272.27, 178.37, 227.12
281.22, 178.37, 227.12
290.17, 178.37, 227.12
299.11, 178.37, 227.12
308.06, 169.43, 227.12
299.11, 169.43, 227.12
290.17, 169.43, 227.12
281.22, 169.43, 227.12
272.27, 169.43, 227.12
263.33, 169.43, 227.12
254.38, 169.43, 227.12
245.43, 169.43, 227.12
236.48, 169.43, 227.12
227.54, 169.43, 227.12
218.59, 169.43, 227.12
209.64, 169.43, 227.12
200.69, 169.43, 227.12
191.75, 169.43, 227.12
182.80, 169.43, 227.12
173.85, 169.43, 227.12
164.90, 160.48, 227.12
173.85, 160.48, 227.12
182.80, 160.48, 227.12
191.75, 160.48, 227.12
200.69, 160.48, 227.12
209.64, 160.48, 227.12
218.59, 160.48, 227.12
227.54, 160.48, 227.12
236.48, 160.48, 227.12
245.43, 160.48, 227.12
254.38, 160.48, 227.12
263.33, 160.48, 227.12
272.27, 160.48, 227.12
281.22, 160.48, 227.12
290.17, 160.48, 227.12
299.11, 160.48, 227.12
299.11, 151.53, 227.12
290.17, 151.53, 227.12
281.22, 151.53, 227.12
272.27, 151.53, 227.12
263.33, 151.53, 227.12
254.38, 151.53, 227.12
245.43, 151.53, 227.12
236.48, 151.53, 227.12
227.54, 151.53, 227.12
218.59, 151.53, 227.12
209.64, 151.53, 227.12
200.69, 151.53, 227.12
191.75, 151.53, 227.12
182.80, 151.53, 227.12
173.85, 142.59, 227.12
182.80, 142.59, 227.12
191.75, 142.59, 227.12
200.69, 142.59, 227.12
209.64, 142.59, 227.12
218.59, 142.59, 227.12
227.54, 142.59, 227.12
236.48, 142.59, 227.12
245.43, 142.59, 227.12
254.38, 142.59, 227.12
263.33, 142.59, 227.12
272.27, 142.59, 227.12
281.22, 142.59, 227.12
290.17, 142.59, 227.12
290.17, 133.64, 227.12
281.22, 133.64, 227.12
272.27, 133.64, 227.12
263.33, 133.64, 227.12
254.38, 133.64, 227.12
245.43, 133.64, 227.12
236.48, 133.64, 227.12
227.54, 133.64, 227.12
218.59, 133.64, 227.12
209.64, 133.64, 227.12
200.69, 133.64, 227.12
191.75, 133.64, 227.12
191.75, 124.69, 227.12
200.69, 124.69, 227.12
209.64, 124.69, 227.12
218.59, 124.69, 227.12
227.54, 124.69, 227.12
236.48, 124.69, 227.12
245.43, 124.69, 227.12
254.38, 124.69, 227.12
263.33, 124.69, 227.12
272.27, 124.69, 227.12
272.27, 115.74, 227.12
263.33, 115.74, 227.12
254.38, 115.74, 227.12
245.43, 115.74, 227.12
236.48, 115.74, 227.12
227.54, 115.74, 227.12
218.59, 115.74, 227.12
209.64, 115.74, 227.12
218.59, 106.80, 227.12
227.54, 106.80, 227.12
236.48, 106.80, 227.12
245.43, 106.80, 227.12
272.27, 97.85, 236.07
263.33, 97.85, 236.07
254.38, 97.85, 236.07
245.43, 97.85, 236.07
236.48, 97.85, 236.07
227.54, 97.85, 236.07
218.59, 97.85, 236.07
209.64, 97.85, 236.07
191.75, 106.80, 236.07
200.69, 106.80, 236.07
209.64, 106.80, 236.07
218.59, 106.80, 236.07
227.54, 106.80, 236.07
236.48, 106.80, 236.07
245.43, 106.80, 236.07
254.38, 106.80, 236.07
263.33, 106.80, 236.07
272.27, 106.80, 236.07
290.17, 115.74, 236.07
281.22, 115.74, 236.07
272.27, 115.74, 236.07
263.33, 115.74, 236.07
254.38, 115.74, 236.07
245.43, 115.74, 236.07
236.48, 115.74, 236.07
227.54, 115.74, 236.07
218.59, 115.74, 236.07
209.64, 115.74, 236.07
200.69, 115.74, 236.07
191.75, 115.74, 236.07
173.85, 124.69, 236.07
182.80, 124.69, 236.07
191.75, 124.69, 236.07
200.69, 124.69, 236.07
209.64, 124.69, 236.07
218.59, 124.69, 236.07
227.54, 124.69, 236.07
236.48, 124.69, 236.07
245.43, 124.69, 236.07
254.38, 124.69, 236.07
263.33, 124.69, 236.07
272.27, 124.69, 236.07
281.22, 124.69, 236.07
290.17, 124.69, 236.07
308.06, 133.64, 236.07
299.11, 133.64, 236.07
290.17, 133.64, 236.07
281.22, 133.64, 236.07
272.27, 133.64, 236.07
263.33, 133.64, 236.07
254.38, 133.64, 236.07
245.43, 133.64, 236.07
236.48, 133.64, 236.07
227.54, 133.64, 236.07
218.59, 133.64, 236.07
209.64, 133.64, 236.07
200.69, 133.64, 236.07
191.75, 133.64, 236.07
182.80, 133.64, 236.07
173.85, 133.64, 236.07
164.90, 142.59, 236.07
173.85, 142.59, 236.07
182.80, 142.59, 236.07
191.75, 142.59, 236.07
200.69, 142.59, 236.07
209.64, 142.59, 236.07
218.59, 142.59, 236.07
227.54, 142.59, 236.07
236.48, 142.59, 236.07
245.43, 142.59, 236.07
254.38, 142.59, 236.07
263.33, 142.59, 236.07
272.27, 142.59, 236.07
281.22, 142.59, 236.07
290.17, 142.59, 236.07
299.11, 142.59, 236.07
308.06, 151.53, 236.07
299.11, 151.53, 236.07
290.17, 151.53, 236.07
281.22, 151.53, 236.07
272.27, 151.53, 236.07
263.33, 151.53, 236.07
254.38, 151.53, 236.07
245.43, 151.53, 236.07
236.48, 151.53, 236.07
227.54, 151.53, 236.07
218.59, 151.53, 236.07
209.64, 151.53, 236.07
200.69, 151.53, 236.07
191.75, 151.53, 236.07
182.80, 151.53, 236.07
173.85, 151.53, 236.07
164.90, 160.48, 236.07
173.85, 160.48, 236.07
182.80, 160.48, 236.07
191.75, 160.48, 236.07
200.69, 160.48, 236.07
209.64, 160.48, 236.07
218.59, 160.48, 236.07
227.54, 160.48, 236.07
236.48, 160.48, 236.07
245.43, 160.48, 236.07
254.38, 160.48, 236.07
263.33, 160.48, 236.07
272.27, 160.48, 236.07
281.22, 160.48, 236.07
290.17, 160.48, 236.07
299.11, 160.48, 236.07
308.06, 169.43, 236.07
299.11, 169.43, 236.07
290.17, 169.43, 236.07
281.22, 169.43, 236.07
272.27, 169.43, 236.07
263.33, 169.43, 236.07
254.38, 169.43, 236.07
245.43, 169.43, 236.07
236.48, 169.43, 236.07
227.54, 169.43, 236.07
218.59, 169.43, 236.07
209.64, 169.43, 236.07
200.69, 169.43, 236.07
191.75, 169.43, 236.07
182.80, 169.43, 236.07
173.85, 169.43, 236.07
164.90, 178.37, 236.07
173.85, 178.37, 236.07
182.80, 178.37, 236.07
191.75, 178.37, 236.07
200.69, 178.37, 236.07
209.64, 178.37, 236.07
218.59, 178.37, 236.07
227.54, 178.37, 236.07
236.48, 178.37, 236.07
245.43, 178.37, 236.07
254.38, 178.37, 236.07
263.33, 178.37, 236.07
272.27, 178.37, 236.07
281.22, 178.37, 236.07
290.17, 178.37, 236.07
299.11, 178.37, 236.07
308.06, 187.32, 236.07
299.11, 187.32, 236.07
290.17, 187.32, 236.07
281.22, 187.32, 236.07
272.27, 187.32, 236.07
263.33, 187.32, 236.07
254.38, 187.32, 236.07
245.43, 187.32, 236.07
236.48, 187.32, 236.07
227.54, 187.32, 236.07
218.59, 187.32, 236.07
209.64, 187.32, 236.07
200.69, 187.32, 236.07
191.75, 187.32, 236.07
182.80, 187.32, 236.07
173.85, 187.32, 236.07
164.90, 196.27, 236.07
173.85, 196.27, 236.07
182.80, 196.27, 236.07
191.75, 196.27, 236.07
200.69, 196.27, 236.07
209.64, 196.27, 236.07
218.59, 196.27, 236.07
227.54, 196.27, 236.07
236.48, 196.27, 236.07
245.43, 196.27, 236.07
254.38, 196.27, 236.07
263.33, 196.27, 236.07
272.27, 196.27, 236.07
281.22, 196.27, 236.07
290.17, 196.27, 236.07
299.11, 196.27, 236.07
299.11, 205.22, 236.07
290.17, 205.22, 236.07
281.22, 205.22, 236.07
272.27, 205.22, 236.07
263.33, 205.22, 236.07
254.38, 205.22, 236.07
245.43, 205.22, 236.07
236.48, 205.22, 236.07
227.54, 205.22, 236.07
218.59, 205.22, 236.07
209.64, 205.22, 236.07
200.69, 205.22, 236.07
191.75, 205.22, 236.07
182.80, 205.22, 236.07
182.80, 214.16, 236.07
191.75, 214.16, 236.07
200.69, 214.16, 236.07
209.64, 214.16, 236.07
218.59, 214.16, 236.07
227.54, 214.16, 236.07
236.48, 214.16, 236.07
245.43, 214.16, 236.07
254.38, 214.16, 236.07
263.33, 214.16, 236.07
272.27, 214.16, 236.07
281.22, 214.16, 236.07
281.22, 223.11, 236.07
272.27, 223.11, 236.07
263.33, 223.11, 236.07
254.38, 223.11, 236.07
245.43, 223.11, 236.07
236.48, 223.11, 236.07
227.54, 223.11, 236.07
218.59, 223.11, 236.07
209.64, 223.11, 236.07
200.69, 223.11, 236.07
200.69, 232.06, 236.07
209.64, 232.06, 236.07
218.59, 232.06, 236.07
227.54, 232.06, 236.07
236.48, 232.06, 236.07
245.43, 232.06, 236.07
254.38, 232.06, 236.07
263.33, 232.06, 236.07
218.59, 249.95, 245.01
227.54, 249.95, 245.01
236.48, 249.95, 245.01
245.43, 249.95, 245.01
281.22, 241.01, 245.01
272.27, 241.01, 245.01
263.33, 241.01, 245.01
254.38, 241.01, 245.01
245.43, 241.01, 245.01
236.48, 241.01, 245.01
227.54, 241.01, 245.01
218.59, 241.01, 245.01
209.64, 241.01, 245.01
200.69, 241.01, 245.01
182.80, 232.06, 245.01
191.75, 232.06, 245.01
200.69, 232.06, 245.01
209.64, 232.06, 245.01
218.59, 232.06, 245.01
227.54, 232.06, 245.01
236.48, 232.06, 245.01
245.43, 232.06, 245.01
254.38, 232.06, 245.01
263.33, 232.06, 245.01
272.27, 232.06, 245.01
281.22, 232.06, 245.01
299.11, 223.11, 245.01
290.17, 223.11, 245.01
281.22, 223.11, 245.01
272.27, 223.11, 245.01
263.33, 223.11, 245.01
254.38, 223.11, 245.01
245.43, 223.11, 245.01
236.48, 223.11, 245.01
227.54, 223.11, 245.01
218.59, 223.11, 245.01
209.64, 223.11, 245.01
200.69, 223.11, 245.01
191.75, 223.11, 245.01
182.80, 223.11, 245.01
164.90, 214.16, 245.01
173.85, 214.16, 245.01
182.80, 214.16, 245.01
191.75, 214.16, 245.01
200.69, 214.16, 245.01
209.64, 214.16, 245.01
218.59, 214.16, 245.01
227.54, 214.16, 245.01
236.48, 214.16, 245.01
245.43, 214.16, 245.01
254.38, 214.16, 245.01
263.33, 214.16, 245.01
272.27, 214.16, 245.01
281.22, 214.16, 245.01
290.17, 214.16, 245.01
299.11, 214.16, 245.01
308.06, 205.22, 245.01
299.11, 205.22, 245.01
290.17, 205.22, 245.01
281.22, 205.22, 245.01
272.27, 205.22, 245.01
263.33, 205.22, 245.01
254.38, 205.22, 245.01
245.43, 205.22, 245.01
236.48, 205.22, 245.01
227.54, 205.22, 245.01
218.59, 205.22, 245.01
209.64, 205.22, 245.01
200.69, 205.22, 245.01
191.75, 205.22, 245.01
182.80, 205.22, 245.01
173.85, 205.22, 245.01
164.90, 196.27, 245.01
173.85, 196.27, 245.01
182.80, 196.27, 245.01
191.75, 196.27, 245.01
200.69, 196.27, 245.01
209.64, 196.27, 245.01
218.59, 196.27, 245.01
227.54, 196.27, 245.01
236.48, 196.27, 245.01
245.43, 196.27, 245.01
254.38, 196.27, 245.01
263.33, 196.27, 245.01
272.27, 196.27, 245.01
281.22, 196.27, 245.01
290.17, 196.27, 245.01
299.11, 196.27, 245.01
317.01, 187.32, 245.01
308.06, 187.32, 245.01
299.11, 187.32, 245.01
290.17, 187.32, 245.01
281.22, 187.32, 245.01
272.27, 187.32, 245.01
263.33, 187.32, 245.01
254.38, 187.32, 245.01
245.43, 187.32, 245.01
236.48, 187.32, 245.01
227.54, 187.32, 245.01
218.59, 187.32, 245.01
209.64, 187.32, 245.01
200.69, 187.32, 245.01
191.75, 187.32, 245.01
182.80, 187.32, 245.01
173.85, 187.32, 245.01
164.90, 187.32, 245.01
155.96, 178.37, 245.01
164.90, 178.37, 245.01
173.85, 178.37, 245.01
182.80, 178.37, 245.01
191.75, 178.37, 245.01
200.69, 178.37, 245.01
209.64, 178.37, 245.01
218.59, 178.37, 245.01
227.54, 178.37, 245.01
236.48, 178.37, 245.01
245.43, 178.37, 245.01
254.38, 178.37, 245.01
263.33, 178.37, 245.01
272.27, 178.37, 245.01
281.22, 178.37, 245.01
290.17, 178.37, 245.01
299.11, 178.37, 245.01
308.06, 178.37, 245.01
317.01, 169.43, 245.01
308.06, 169.43, 245.01
299.11, 169.43, 245.01
290.17, 169.43, 245.01
281.22, 169.43, 245.01
272.27, 169.43, 245.01
263.33, 169.43, 245.01
254.38, 169.43, 245.01
245.43, 169.43, 245.01
236.48, 169.43, 245.01
227.54, 169.43, 245.01
218.59, 169.43, 245.01
209.64, 169.43, 245.01
200.69, 169.43, 245.01
191.75, 169.43, 245.01
182.80, 169.43, 245.01
173.85, 169.43, 245.01
164.90, 169.43, 245.01
155.96, 160.48, 245.01
164.90, 160.48, 245.01
173.85, 160.48, 245.01
182.80, 160.48, 245.01
191.75, 160.48, 245.01
200.69, 160.48, 245.01
209.64, 160.48, 245.01
218.59, 160.48, 245.01
227.54, 160.48, 245.01
236.48, 160.48, 245.01
245.43, 160.48, 245.01
254.38, 160.48, 245.01
263.33, 160.48, 245.01
272.27, 160.48, 245.01
281.22, 160.48, 245.01
290.17, 160.48, 245.01
299.11, 160.48, 245.01
308.06, 160.48, 245.01
308.06, 151.53, 245.01
299.11, 151.53, 245.01
290.17, 151.53, 245.01
281.22, 151.53, 245.01
272.27, 151.53, 245.01
263.33, 151.53, 245.01
254.38, 151.53, 245.01
245.43, 151.53, 245.01
236.48, 151.53, 245.01
227.54, 151.53, 245.01
218.59, 151.53, 245.01
209.64, 151.53, 245.01
200.69, 151.53, 245.01
191.75, 151.53, 245.01
182.80, 151.53, 245.01
173.85, 151.53, 245.01
164.90, 142.59, 245.01
173.85, 142.59, 245.01
182.80, 142.59, 245.01
191.75, 142.59, 245.01
200.69, 142.59, 245.01
209.64, 142.59, 245.01
218.59, 142.59, 245.01
227.54, 142.59, 245.01
236.48, 142.59, 245.01
245.43, 142.59, 245.01
254.38, 142.59, 245.01
263.33, 142.59, 245.01
272.27, 142.59, 245.01
281.22, 142.59, 245.01
290.17, 142.59, 245.01
299.11, 142.59, 245.01
308.06, 133.64, 245.01
299.11, 133.64, 245.01
290.17, 133.64, 245.01
281.22, 133.64, 245.01
272.27, 133.64, 245.01
263.33, 133.64, 245.01
254.38, 133.64, 245.01
245.43, 133.64, 245.01
236.48, 133.64, 245.01
227.54, 133.64, 245.01
218.59, 133.64, 245.01
209.64, 133.64, 245.01
200.69, 133.64, 245.01
191.75, 133.64, 245.01
182.80, 133.64, 245.01
173.85, 133.64, 245.01
173.85, 124.69, 245.01
182.80, 124.69, 245.01
191.75, 124.69, 245.01
200.69, 124.69, 245.01
209.64, 124.69, 245.01
218.59, 124.69, 245.01
227.54, 124.69, 245.01
236.48, 124.69, 245.01
245.43, 124.69, 245.01
254.38, 124.69, 245.01
263.33, 124.69, 245.01
272.27, 124.69, 245.01
281.22, 124.69, 245.01
290.17, 124.69, 245.01
290.17, 115.74, 245.01
281.22, 115.74, 245.01
272.27, 115.74, 245.01
263.33, 115.74, 245.01
254.38, 115.74, 245.01
245.43, 115.74, 245.01
236.48, 115.74, 245.01
227.54, 115.74, 245.01
218.59, 115.74, 245.01
209.64, 115.74, 245.01
200.69, 115.74, 245.01
191.75, 115.74, 245.01
191.75, 106.80, 245.01
200.69, 106.80, 245.01
209.64, 106.80, 245.01
218.59, 106.80, 245.01
227.54, 106.80, 245.01
236.48, 106.80, 245.01
245.43, 106.80, 245.01
254.38, 106.80, 245.01
263.33, 106.80, 245.01
272.27, 106.80, 245.01
254.38, 97.85, 245.01
245.43, 97.85, 245.01
236.48, 97.85, 245.01
227.54, 97.85, 245.01
209.64, 88.90, 253.96
218.59, 88.90, 253.96
227.54, 88.90, 253.96
236.48, 88.90, 253.96
245.43, 88.90, 253.96
254.38, 88.90, 253.96
281.22, 97.85, 253.96
272.27, 97.85, 253.96
263.33, 97.85, 253.96
254.38, 97.85, 253.96
245.43, 97.85, 253.96
236.48, 97.85, 253.96
227.54, 97.85, 253.96
218.59, 97.85, 253.96
209.64, 97.85, 253.96
200.69, 97.85, 253.96
182.80, 106.80, 253.96
191.75, 106.80, 253.96
200.69, 106.80, 253.96
209.64, 106.80, 253.96
218.59, 106.80, 253.96
227.54, 106.80, 253.96
236.48, 106.80, 253.96
245.43, 106.80, 253.96
254.38, 106.80, 253.96
263.33, 106.80, 253.96
272.27, 106.80, 253.96
281.22, 106.80, 253.96
299.11, 115.74, 253.96
290.17, 115.74, 253.96
281.22, 115.74, 253.96
272.27, 115.74, 253.96
263.33, 115.74, 253.96
254.38, 115.74, 253.96
245.43, 115.74, 253.96
236.48, 115.74, 253.96
227.54, 115.74, 253.96
218.59, 115.74, 253.96
209.64, 115.74, 253.96
200.69, 115.74, 253.96
191.75, 115.74, 253.96
182.80, 115.74, 253.96
164.90, 124.69, 253.96
173.85, 124.69, 253.96
182.80, 124.69, 253.96
191.75, 124.69, 253.96
200.69, 124.69, 253.96
209.64, 124.69, 253.96
218.59, 124.69, 253.96
227.54, 124.69, 253.96
236.48, 124.69, 253.96
245.43, 124.69, 253.96
254.38, 124.69, 253.96
263.33, 124.69, 253.96
272.27, 124.69, 253.96
281.22, 124.69, 253.96
290.17, 124.69, 253.96
299.11, 124.69, 253.96
308.06, 133.64, 253.96
299.11, 133.64, 253.96
290.17, 133.64, 253.96
281.22, 133.64, 253.96
272.27, 133.64, 253.96
263.33, 133.64, 253.96
254.38, 133.64, 253.96
245.43, 133.64, 253.96
236.48, 133.64, 253.96
227.54, 133.64, 253.96
218.59, 133.64, 253.96
209.64, 133.64, 253.96
200.69, 133.64, 253.96
191.75, 133.64, 253.96
182.80, 133.64, 253.96
173.85, 133.64, 253.96
155.96, 142.59, 253.96
164.90, 142.59, 253.96
173.85, 142.59, 253.96
182.80, 142.59, 253.96
191.75, 142.59, 253.96
200.69, 142.59, 253.96
209.64, 142.59, 253.96
218.59, 142.59, 253.96
227.54, 142.59, 253.96
236.48, 142.59, 253.96
245.43, 142.59, 253.96
254.38, 142.59, 253.96
263.33, 142.59, 253.96
272.27, 142.59, 253.96
281.22, 142.59, 253.96
290.17, 142.59, 253.96
299.11, 142.59, 253.96
308.06, 142.59, 253.96
317.01, 151.53, 253.96
308.06, 151.53, 253.96
299.11, 151.53, 253.96
290.17, 151.53, 253.96
281.22, 151.53, 253.96
272.27, 151.53, 253.96
263.33, 151.53, 253.96
254.38, 151.53, 253.96
245.43, 151.53, 253.96
236.48, 151.53, 253.96
227.54, 151.53, 253.96
218.59, 151.53, 253.96
209.64, 151.53, 253.96
200.69, 151.53, 253.96
191.75, 151.53, 253.96
182.80, 151.53, 253.96
173.85, 151.53, 253.96
164.90, 151.53, 253.96
155.96, 160.48, 253.96
164.90, 160.48, 253.96
173.85, 160.48, 253.96
182.80, 160.48, 253.96
191.75, 160.48, 253.96
200.69, 160.48, 253.96
209.64, 160.48, 253.96
218.59, 160.48, 253.96
227.54, 160.48, 253.96
236.48, 160.48, 253.96
245.43, 160.48, 253.96
254.38, 160.48, 253.96
263.33, 160.48, 253.96
272.27, 160.48, 253.96
281.22, 160.48, 253.96
290.17, 160.48, 253.96
299.11, 160.48, 253.96
308.06, 160.48, 253.96
317.01, 169.43, 253.96
308.06, 169.43, 253.96
299.11, 169.43, 253.96
290.17, 169.43, 253.96
281.22, 169.43, 253.96
272.27, 169.43, 253.96
263.33, 169.43, 253.96
254.38, 169.43, 253.96
245.43, 169.43, 253.96
236.48, 169.43, 253.96
227.54, 169.43, 253.96
218.59, 169.43, 253.96
209.64, 169.43, 253.96
200.69, 169.43, 253.96
191.75, 169.43, 253.96
182.80, 169.43, 253.96
173.85, 169.43, 253.96
164.90, 169.43, 253.96
155.96, 178.37, 253.96
164.90, 178.37, 253.96
173.85, 178.37, 253.96
182.80, 178.37, 253.96
191.75, 178.37, 253.96
200.69, 178.37, 253.96
209.64, 178.37, 253.96
218.59, 178.37, 253.96
227.54, 178.37, 253.96
236.48, 178.37, 253.96
245.43, 178.37, 253.96
254.38, 178.37, 253.96
263.33, 178.37, 253.96
272.27, 178.37, 253.96
281.22, 178.37, 253.96
290.17, 178.37, 253.96
299.11, 178.37, 253.96
308.06, 178.37, 253.96
317.01, 187.32, 253.96
308.06, 187.32, 253.96
299.11, 187.32, 253.96
290.17, 187.32, 253.96
281.22, 187.32, 253.96
272.27, 187.32, 253.96
263.33, 187.32, 253.96
254.38, 187.32, 253.96
245.43, 187.32, 253.96
236.48, 187.32, 253.96
227.54, 187.32, 253.96
218.59, 187.32, 253.96
209.64, 187.32, 253.96
200.69, 187.32, 253.96
191.75, 187.32, 253.96
182.80, 187.32, 253.96
173.85, 187.32, 253.96
164.90, 187.32, 253.96
164.90, 196.27, 253.96
173.85, 196.27, 253.96
182.80, 196.27, 253.96
191.75, 196.27, 253.96
200.69, 196.27, 253.96
209.64, 196.27, 253.96
218.59, 196.27, 253.96
227.54, 196.27, 253.96
236.48, 196.27, 253.96
245.43, 196.27, 253.96
254.38, 196.27, 253.96
263.33, 196.27, 253.96
272.27, 196.27, 253.96
281.22, 196.27, 253.96
290.17, 196.27, 253.96
299.11, 196.27, 253.96
308.06, 205.22, 253.96
299.11, 205.22, 253.96
290.17, 205.22, 253.96
281.22, 205.22, 253.96
272.27, 205.22, 253.96
263.33, 205.22, 253.96
254.38, 205.22, 253.96
245.43, 205.22, 253.96
236.48, 205.22, 253.96
227.54, 205.22, 253.96
218.59, 205.22, 253.96
209.64, 205.22, 253.96
200.69, 205.22, 253.96
191.75, 205.22, 253.96
182.80, 205.22, 253.96
173.85, 205.22, 253.96
173.85, 214.16, 253.96
182.80, 214.16, 253.96
191.75, 214.16, 253.96
200.69, 214.16, 253.96
209.64, 214.16, 253.96
218.59, 214.16, 253.96
227.54, 214.16, 253.96
236.48, 214.16, 253.96
245.43, 214.16, 253.96
254.38, 214.16, 253.96
263.33, 214.16, 253.96
272.27, 214.16, 253.96
281.22, 214.16, 253.96
290.17, 214.16, 253.96
290.17, 223.11, 253.96
281.22, 223.11, 253.96
272.27, 223.11, 253.96
263.33, 223.11, 253.96
254.38, 223.11, 253.96
245.43, 223.11, 253.96
236.48, 223.11, 253.96
227.54, 223.11, 253.96
218.59, 223.11, 253.96
209.64, 223.11, 253.96
200.69, 223.11, 253.96
191.75, 223.11, 253.96
191.75, 232.06, 253.96
200.69, 232.06, 253.96
209.64, 232.06, 253.96
218.59, 232.06, 253.96
227.54, 232.06, 253.96
236.48, 232.06, 253.96
245.43, 232.06, 253.96
254.38, 232.06, 253.96
263.33, 232.06, 253.96
272.27, 232.06, 253.96
263.33, 241.01, 253.96
254.38, 241.01, 253.96
245.43, 241.01, 253.96
236.48, 241.01, 253.96
227.54, 241.01, 253.96
218.59, 241.01, 253.96
200.69, 249.95, 262.91
209.64, 249.95, 262.91
218.59, 249.95, 262.91
227.54, 249.95, 262.91
236.48, 249.95, 262.91
245.43, 249.95, 262.91
254.38, 249.95, 262.91
263.33, 249.95, 262.91
290.17, 241.01, 262.91
281.22, 241.01, 262.91
272.27, 241.01, 262.91
263.33, 241.01, 262.91
254.38, 241.01, 262.91
245.43, 241.01, 262.91
236.48, 241.01, 262.91
227.54, 241.01, 262.91
218.59, 241.01, 262.91
209.64, 241.01, 262.91
200.69, 241.01, 262.91
191.75, 241.01, 262.91
173.85, 232.06, 262.91
182.80, 232.06, 262.91
191.75, 232.06, 262.91
200.69, 232.06, 262.91
209.64, 232.06, 262.91
218.59, 232.06, 262.91
227.54, 232.06, 262.91
236.48, 232.06, 262.91
245.43, 232.06, 262.91
254.38, 232.06, 262.91
263.33, 232.06, 262.91
272.27, 232.06, 262.91
281.22, 232.06, 262.91
290.17, 232.06, 262.91
308.06, 223.11, 262.91
299.11, 223.11, 262.91
290.17, 223.11, 262.91
281.22, 223.11, 262.91
272.27, 223.11, 262.91
263.33, 223.11, 262.91
254.38, 223.11, 262.91
245.43, 223.11, 262.91
236.48, 223.11, 262.91
227.54, 223.11, 262.91
218.59, 223.11, 262.91
209.64, 223.11, 262.91
200.69, 223.11, 262.91
191.75, 223.11, 262.91
182.80, 223.11, 262.91
173.85, 223.11, 262.91
164.90, 214.16, 262.91
173.85, 214.16, 262.91
182.80, 214.16, 262.91
191.75, 214.16, 262.91
200.69, 214.16, 262.91
209.64, 214.16, 262.91
218.59, 214.16, 262.91
227.54, 214.16, 262.91
236.48, 214.16, 262.91
245.43, 214.16, 262.91
254.38, 214.16, 262.91
263.33, 214.16, 262.91
272.27, 214.16, 262.91
281.22, 214.16, 262.91
290.17, 214.16, 262.91
299.11, 214.16, 262.91
317.01, 205.22, 262.91
308.06, 205.22, 262.91
299.11, 205.22, 262.91
290.17, 205.22, 262.91
281.22, 205.22, 262.91
272.27, 205.22, 262.91
263.33, 205.22, 262.91
254.38, 205.22, 262.91
245.43, 205.22, 262.91
236.48, 205.22, 262.91
227.54, 205.22, 262.91
218.59, 205.22, 262.91
209.64, 205.22, 262.91
200.69, 205.22, 262.91
191.75, 205.22, 262.91
182.80, 205.22, 262.91
173.85, 205.22, 262.91
164.90, 205.22, 262.91
155.96, 196.27, 262.91
164.90, 196.27, 262.91
173.85, 196.27, 262.91
182.80, 196.27, 262.91
191.75, 196.27, 262.91
200.69, 196.27, 262.91
209.64, 196.27, 262.91
218.59, 196.27, 262.91
227.54, 196.27, 262.91
236.48, 196.27, 262.91
245.43, 196.27, 262.91
254.38, 196.27, 262.91
263.33, 196.27, 262.91
272.27, 196.27, 262.91
281.22, 196.27, 262.91
290.17, 196.27, 262.91
299.11, 196.27, 262.91
308.06, 196.27, 262.91
317.01, 187.32, 262.91
308.06, 187.32, 262.91
299.11, 187.32, 262.91
290.17, 187.32, 262.91
281.22, 187.32, 262.91
272.27, 187.32, 262.91
263.33, 187.32, 262.91
254.38, 187.32, 262.91
245.43, 187.32, 262.91
236.48, 187.32, 262.91
227.54, 187.32, 262.91
218.59, 187.32, 262.91
209.64, 187.32, 262.91
200.69, 187.32, 262.91
191.75, 187.32, 262.91
182.80, 187.32, 262.91
173.85, 187.32, 262.91
164.90, 187.32, 262.91
155.96, 178.37, 262.91
164.90, 178.37, 262.91
173.85, 178.37, 262.91
182.80, 178.37, 262.91
191.75, 178.37, 262.91
200.69, 178.37, 262.91
209.64, 178.37, 262.91
218.59, 178.37, 262.91
227.54, 178.37, 262.91
236.48, 178.37, 262.91
245.43, 178.37, 262.91
254.38, 178.37, 262.91
263.33, 178.37, 262.91
272.27, 178.37, 262.91
281.22, 178.37, 262.91
290.17, 178.37, 262.91
299.11, 178.37, 262.91
308.06, 178.37, 262.91
317.01, 169.43, 262.91
308.06, 169.43, 262.91
299.11, 169.43, 262.91
290.17, 169.43, 262.91
281.22, 169.43, 262.91
272.27, 169.43, 262.91
263.33, 169.43, 262.91
254.38, 169.43, 262.91
245.43, 169.43, 262.91
236.48, 169.43, 262.91
227.54, 169.43, 262.91
218.59, 169.43, 262.91
209.64, 169.43, 262.91
200.69, 169.43, 262.91
191.75, 169.43, 262.91
182.80, 169.43, 262.91
173.85, 169.43, 262.91
164.90, 169.43, 262.91
155.96, 160.48, 262.91
164.90, 160.48, 262.91
173.85, 160.48, 262.91
182.80, 160.48, 262.91
191.75, 160.48, 262.91
200.69, 160.48, 262.91
209.64, 160.48, 262.91
218.59, 160.48, 262.91
227.54, 160.48, 262.91
236.48, 160.48, 262.91
245.43, 160.48, 262.91
254.38, 160.48, 262.91
263.33, 160.48, 262.91
272.27, 160.48, 262.91
281.22, 160.48, 262.91
290.17, 160.48, 262.91
299.11, 160.48, 262.91
308.06, 160.48, 262.91
317.01, 151.53, 262.91
308.06, 151.53, 262.91
299.11, 151.53, 262.91
290.17, 151.53, 262.91
281.22, 151.53, 262.91
272.27, 151.53, 262.91
263.33, 151.53, 262.91
254.38, 151.53, 262.91
245.43, 151.53, 262.91
236.48, 151.53, 262.91
227.54, 151.53, 262.91
218.59, 151.53, 262.91
209.64, 151.53, 262.91
200.69, 151.53, 262.91
191.75, 151.53, 262.91
182.80, 151.53, 262.91
173.85, 151.53, 262.91
164.90, 151.53, 262.91
155.96, 142.59, 262.91
164.90, 142.59, 262.91
173.85, 142.59, 262.91
182.80, 142.59, 262.91
191.75, 142.59, 262.91
200.69, 142.59, 262.91
209.64, 142.59, 262.91
218.59, 142.59, 262.91
227.54, 142.59, 262.91
236.48, 142.59, 262.91
245.43, 142.59, 262.91
254.38, 142.59, 262.91
263.33, 142.59, 262.91
272.27, 142.59, 262.91
281.22, 142.59, 262.91
290.17, 142.59, 262.91
299.11, 142.59, 262.91
308.06, 142.59, 262.91
308.06, 133.64, 262.91
299.11, 133.64, 262.91
290.17, 133.64, 262.91
281.22, 133.64, 262.91
272.27, 133.64, 262.91
263.33, 133.64, 262.91
254.38, 133.64, 262.91
245.43, 133.64, 262.91
236.48, 133.64, 262.91
227.54, 133.64, 262.91
218.59, 133.64, 262.91
209.64, 133.64, 262.91
200.69, 133.64, 262.91
191.75, 133.64, 262.91
182.80, 133.64, 262.91
173.85, 133.64, 262.91
164.90, 124.69, 262.91
173.85, 124.69, 262.91
182.80, 124.69, 262.91
191.75, 124.69, 262.91
200.69, 124.69, 262.91
209.64, 124.69, 262.91
218.59, 124.69, 262.91
227.54, 124.69, 262.91
236.48, 124.69, 262.91
245.43, 124.69, 262.91
254.38, 124.69, 262.91
263.33, 124.69, 262.91
272.27, 124.69, 262.91
281.22, 124.69, 262.91
290.17, 124.69, 262.91
299.11, 124.69, 262.91
299.11, 115.74, 262.91
290.17, 115.74, 262.91
281.22, 115.74, 262.91
272.27, 115.74, 262.91
263.33, 115.74, 262.91
254.38, 115.74, 262.91
245.43, 115.74, 262.91
236.48, 115.74, 262.91
227.54, 115.74, 262.91
218.59, 115.74, 262.91
209.64, 115.74, 262.91
200.69, 115.74, 262.91
191.75, 115.74, 262.91
182.80, 115.74, 262.91
182.80, 106.80, 262.91
191.75, 106.80, 262.91
200.69, 106.80, 262.91
209.64, 106.80, 262.91
218.59, 106.80, 262.91
227.54, 106.80, 262.91
236.48, 106.80, 262.91
245.43, 106.80, 262.91
254.38, 106.80, 262.91
263.33, 106.80, 262.91
272.27, 106.80, 262.91
281.22, 106.80, 262.91
272.27, 97.85, 262.91
263.33, 97.85, 262.91
254.38, 97.85, 262.91
245.43, 97.85, 262.91
236.48, 97.85, 262.91
227.54, 97.85, 262.91
218.59, 97.85, 262.91
209.64, 97.85, 262.91
200.69, 88.90, 271.86
209.64, 88.90, 271.86
218.59, 88.90, 271.86
227.54, 88.90, 271.86
236.48, 88.90, 271.86
245.43, 88.90, 271.86
254.38, 88.90, 271.86
263.33, 88.90, 271.86
290.17, 97.85, 271.86
281.22, 97.85, 271.86
272.27, 97.85, 271.86
263.33, 97.85, 271.86
254.38, 97.85, 271.86
245.43, 97.85, 271.86
236.48, 97.85, 271.86
227.54, 97.85, 271.86
218.59, 97.85, 271.86
209.64, 97.85, 271.86
200.69, 97.85, 271.86
191.75, 97.85, 271.86
173.85, 106.80, 271.86
182.80, 106.80, 271.86
191.75, 106.80, 271.86
200.69, 106.80, 271.86
209.64, 106.80, 271.86
218.59, 106.80, 271.86
227.54, 106.80, 271.86
236.48, 106.80, 271.86
245.43, 106.80, 271.86
254.38, 106.80, 271.86
263.33, 106.80, 271.86
272.27, 106.80, 271.86
281.22, 106.80, 271.86
290.17, 106.80, 271.86
308.06, 115.74, 271.86
299.11, 115.74, 271.86
290.17, 115.74, 271.86
281.22, 115.74, 271.86
272.27, 115.74, 271.86
263.33, 115.74, 271.86
254.38, 115.74, 271.86
245.43, 115.74, 271.86
236.48, 115.74, 271.86
227.54, 115.74, 271.86
218.59, 115.74, 271.86
209.64, 115.74, 271.86
200.69, 115.74, 271.86
191.75, 115.74, 271.86
182.80, 115.74, 271.86
173.85, 115.74, 271.86
164.90, 124.69, 271.86
173.85, 124.69, 271.86
182.80, 124.69, 271.86
191.75, 124.69, 271.86
200.69, 124.69, 271.86
209.64, 124.69, 271.86
218.59, 124.69, 271.86
227.54, 124.69, 271.86
236.48, 124.69, 271.86
245.43, 124.69, 271.86
254.38, 124.69, 271.86
263.33, 124.69, 271.86
272.27, 124.69, 271.86
281.22, 124.69, 271.86
290.17, 124.69, 271.86
299.11, 124.69, 271.86
317.01, 133.64, 271.86
308.06, 133.64, 271.86
299.11, 133.64, 271.86
290.17, 133.64, 271.86
281.22, 133.64, 271.86
272.27, 133.64, 271.86
263.33, 133.64, 271.86
254.38, 133.64, 271.86
245.43, 133.64, 271.86
236.48, 133.64, 271.86
227.54, 133.64, 271.86
218.59, 133.64, 271.86
209.64, 133.64, 271.86
200.69, 133.64, 271.86
191.75, 133.64, 271.86
182.80, 133.64, 271.86
173.85, 133.64, 271.86
164.90, 133.64, 271.86
155.96, 142.59, 271.86
164.90, 142.59, 271.86
173.85, 142.59, 271.86
182.80, 142.59, 271.86
191.75, 142.59, 271.86
200.69, 142.59, 271.86
209.64, 142.59, 271.86
218.59, 142.59, 271.86
227.54, 142.59, 271.86
236.48, 142.59, 271.86
245.43, 142.59, 271.86
254.38, 142.59, 271.86
263.33, 142.59, 271.86
272.27, 142.59, 271.86
281.22, 142.59, 271.86
290.17, 142.59, 271.86
299.11, 142.59, 271.86
308.06, 142.59, 271.86
317.01, 151.53, 271.86
308.06, 151.53, 271.86
299.11, 151.53, 271.86
290.17, 151.53, 271.86
281.22, 151.53, 271.86
272.27, 151.53, 271.86
263.33, 151.53, 271.86
254.38, 151.53, 271.86
245.43, 151.53, 271.86
236.48, 151.53, 271.86
227.54, 151.53, 271.86
218.59, 151.53, 271.86
209.64, 151.53, 271.86
200.69, 151.53, 271.86
191.75, 151.53, 271.86
182.80, 151.53, 271.86
173.85, 151.53, 271.86
164.90, 151.53, 271.86
155.96, 160.48, 271.86
164.90, 160.48, 271.86
173.85, 160.48, 271.86
182.80, 160.48, 271.86
191.75, 160.48, 271.86
200.69, 160.48, 271.86
209.64, 160.48, 271.86
218.59, 160.48, 271.86
227.54, 160.48, 271.86
236.48, 160.48, 271.86
245.43, 160.48, 271.86
254.38, 160.48, 271.86
263.33, 160.48, 271.86
272.27, 160.48, 271.86
281.22, 160.48, 271.86
290.17, 160.48, 271.86
299.11, 160.48, 271.86
308.06, 160.48, 271.86
317.01, 169.43, 271.86
308.06, 169.43, 271.86
299.11, 169.43, 271.86
290.17, 169.43, 271.86
281.22, 169.43, 271.86
272.27, 169.43, 271.86
263.33, 169.43, 271.86
254.38, 169.43, 271.86
245.43, 169.43, 271.86
236.48, 169.43, 271.86
227.54, 169.43, 271.86
218.59, 169.43, 271.86
209.64, 169.43, 271.86
200.69, 169.43, 271.86
191.75, 169.43, 271.86
182.80, 169.43, 271.86
173.85, 169.43, 271.86
164.90, 169.43, 271.86
155.96, 178.37, 271.86
164.90, 178.37, 271.86
173.85, 178.37, 271.86
182.80, 178.37, 271.86
191.75, 178.37, 271.86
200.69, 178.37, 271.86
209.64, 178.37, 271.86
218.59, 178.37, 271.86
227.54, 178.37, 271.86
236.48, 178.37, 271.86
245.43, 178.37, 271.86
254.38, 178.37, 271.86
263.33, 178.37, 271.86
272.27, 178.37, 271.86
281.22, 178.37, 271.86
290.17, 178.37, 271.86
299.11, 178.37, 271.86
308.06, 178.37, 271.86
317.01, 187.32, 271.86
308.06, 187.32, 271.86
299.11, 187.32, 271.86
290.17, 187.32, 271.86
281.22, 187.32, 271.86
272.27, 187.32, 271.86
263.33, 187.32, 271.86
254.38, 187.32, 271.86
245.43, 187.32, 271.86
236.48, 187.32, 271.86
227.54, 187.32, 271.86
218.59, 187.32, 271.86
209.64, 187.32, 271.86
200.69, 187.32, 271.86
191.75, 187.32, 271.86
182.80, 187.32, 271.86
173.85, 187.32, 271.86
164.90, 187.32, 271.86
155.96, 196.27, 271.86
164.90, 196.27, 271.86
173.85, 196.27, 271.86
182.80, 196.27, 271.86
191.75, 196.27, 271.86
200.69, 196.27, 271.86
209.64, 196.27, 271.86
218.59, 196.27, 271.86
227.54, 196.27, 271.86
236.48, 196.27, 271.86
245.43, 196.27, 271.86
254.38, 196.27, 271.86
263.33, 196.27, 271.86
272.27, 196.27, 271.86
281.22, 196.27, 271.86
290.17, 196.27, 271.86
299.11, 196.27, 271.86
308.06, 196.27, 271.86
308.06, 205.22, 271.86
299.11, 205.22, 271.86
290.17, 205.22, 271.86
281.22, 205.22, 271.86
272.27, 205.22, 271.86
263.33, 205.22, 271.86
254.38, 205.22, 271.86
245.43, 205.22, 271.86
236.48, 205.22, 271.86
227.54, 205.22, 271.86
218.59, 205.22, 271.86
209.64, 205.22, 271.86
200.69, 205.22, 271.86
191.75, 205.22, 271.86
182.80, 205.22, 271.86
173.85, 205.22, 271.86
164.90, 214.16, 271.86
173.85, 214.16, 271.86
182.80, 214.16, 271.86
191.75, 214.16, 271.86
200.69, 214.16, 271.86
209.64, 214.16, 271.86
218.59, 214.16, 271.86
227.54, 214.16, 271.86
236.48, 214.16, 271.86
245.43, 214.16, 271.86
254.38, 214.16, 271.86
263.33, 214.16, 271.86
272.27, 214.16, 271.86
281.22, 214.16, 271.86
290.17, 214.16, 271.86
299.11, 214.16, 271.86
299.11, 223.11, 271.86
290.17, 223.11, 271.86
281.22, 223.11, 271.86
272.27, 223.11, 271.86
263.33, 223.11, 271.86
254.38, 223.11, 271.86
245.43, 223.11, 271.86
236.48, 223.11, 271.86
227.54, 223.11, 271.86
218.59, 223.11, 271.86
209.64, 223.11, 271.86
200.69, 223.11, 271.86
191.75, 223.11, 271.86
182.80, 223.11, 271.86
182.80, 232.06, 271.86
191.75, 232.06, 271.86
200.69, 232.06, 271.86
209.64, 232.06, 271.86
218.59, 232.06, 271.86
227.54, 232.06, 271.86
236.48, 232.06, 271.86
245.43, 232.06, 271.86
254.38, 232.06, 271.86
263.33, 232.06, 271.86
272.27, 232.06, 271.86
281.22, 232.06, 271.86
272.27, 241.01, 271.86
263.33, 241.01, 271.86
254.38, 241.01, 271.86
245.43, 241.01, 271.86
236.48, 241.01, 271.86
227.54, 241.01, 271.86
218.59, 241.01, 271.86
209.64, 241.01, 271.86
200.69, 249.95, 280.80
209.64, 249.95, 280.80
218.59, 249.95, 280.80
227.54, 249.95, 280.80
236.48, 249.95, 280.80
245.43, 249.95, 280.80
254.38, 249.95, 280.80
263.33, 249.95, 280.80
290.17, 241.01, 280.80
281.22, 241.01, 280.80
272.27, 241.01, 280.80
263.33, 241.01, 280.80
254.38, 241.01, 280.80
245.43, 241.01, 280.80
236.48, 241.01, 280.80
227.54, 241.01, 280.80
218.59, 241.01, 280.80
209.64, 241.01, 280.80
200.69, 241.01, 280.80
191.75, 241.01, 280.80
173.85, 232.06, 280.80
182.80, 232.06, 280.80
191.75, 232.06, 280.80
200.69, 232.06, 280.80
209.64, 232.06, 280.80
218.59, 232.06, 280.80
227.54, 232.06, 280.80
236.48, 232.06, 280.80
245.43, 232.06, 280.80
254.38, 232.06, 280.80
263.33, 232.06, 280.80
272.27, 232.06, 280.80
281.22, 232.06, 280.80
290.17, 232.06, 280.80
308.06, 223.11, 280.80
299.11, 223.11, 280.80
290.17, 223.11, 280.80
281.22, 223.11, 280.80
272.27, 223.11, 280.80
263.33, 223.11, 280.80
254.38, 223.11, 280.80
245.43, 223.11, 280.80
236.48, 223.11, 280.80
227.54, 223.11, 280.80
218.59, 223.11, 280.80
209.64, 223.11, 280.80
200.69, 223.11, 280.80
191.75, 223.11, 280.80
182.80, 223.11, 280.80
173.85, 223.11, 280.80
164.90, 214.16, 280.80
173.85, 214.16, 280.80
182.80, 214.16, 280.80
191.75, 214.16, 280.80
200.69, 214.16, 280.80
209.64, 214.16, 280.80
218.59, 214.16, 280.80
227.54, 214.16, 280.80
236.48, 214.16, 280.80
245.43, 214.16, 280.80
254.38, 214.16, 280.80
263.33, 214.16, 280.80
272.27, 214.16, 280.80
281.22, 214.16, 280.80
290.17, 214.16, 280.80
299.11, 214.16, 280.80
317.01, 205.22, 280.80
308.06, 205.22, 280.80
299.11, 205.22, 280.80
290.17, 205.22, 280.80
281.22, 205.22, 280.80
272.27, 205.22, 280.80
263.33, 205.22, 280.80
254.38, 205.22, 280.80
245.43, 205.22, 280.80
236.48, 205.22, 280.80
227.54, 205.22, 280.80
218.59, 205.22, 280.80
209.64, 205.22, 280.80
200.69, 205.22, 280.80
191.75, 205.22, 280.80
182.80, 205.22, 280.80
173.85, 205.22, 280.80
164.90, 205.22, 280.80
155.96, 196.27, 280.80
164.90, 196.27, 280.80
173.85, 196.27, 280.80
182.80, 196.27, 280.80
191.75, 196.27, 280.80
200.69, 196.27, 280.80
209.64, 196.27, 280.80
218.59, 196.27, 280.80
227.54, 196.27, 280.80
236.48, 196.27, 280.80
245.43, 196.27, 280.80
254.38, 196.27, 280.80
263.33, 196.27, 280.80
272.27, 196.27, 280.80
281.22, 196.27, 280.80
290.17, 196.27, 280.80
299.11, 196.27, 280.80
308.06, 196.27, 280.80
317.01, 187.32, 280.80
308.06, 187.32, 280.80
299.11, 187.32, 280.80
290.17, 187.32, 280.80
281.22, 187.32, 280.80
272.27, 187.32, 280.80
263.33, 187.32, 280.80
254.38, 187.32, 280.80
245.43, 187.32, 280.80
236.48, 187.32, 280.80
227.54, 187.32, 280.80
218.59, 187.32, 280.80
209.64, 187.32, 280.80
200.69, 187.32, 280.80
191.75, 187.32, 280.80
182.80, 187.32, 280.80
173.85, 187.32, 280.80
164.90, 187.32, 280.80
155.96, 178.37, 280.80
164.90, 178.37, 280.80
173.85, 178.37, 280.80
182.80, 178.37, 280.80
191.75, 178.37, 280.80
200.69, 178.37, 280.80
209.64, 178.37, 280.80
218.59, 178.37, 280.80
227.54, 178.37, 280.80
236.48, 178.37, 280.80
245.43, 178.37, 280.80
254.38, 178.37, 280.80
263.33, 178.37, 280.80
272.27, 178.37, 280.80
281.22, 178.37, 280.80
290.17, 178.37, 280.80
299.11, 178.37, 280.80
308.06, 178.37, 280.80
317.01, 169.43, 280.80
308.06, 169.43, 280.80
299.11, 169.43, 280.80
290.17, 169.43, 280.80
281.22, 169.43, 280.80
272.27, 169.43, 280.80
263.33, 169.43, 280.80
254.38, 169.43, 280.80
245.43, 169.43, 280.80
236.48, 169.43, 280.80
227.54, 169.43, 280.80
218.59, 169.43, 280.80
209.64, 169.43, 280.80
200.69, 169.43, 280.80
191.75, 169.43, 280.80
182.80, 169.43, 280.80
173.85, 169.43, 280.80
164.90, 169.43, 280.80
155.96, 160.48, 280.80
164.90, 160.48, 280.80
173.85, 160.48, 280.80
182.80, 160.48, 280.80
191.75, 160.48, 280.80
200.69, 160.48, 280.80
209.64, 160.48, 280.80
218.59, 160.48, 280.80
227.54, 160.48, 280.80
236.48, 160.48, 280.80
245.43, 160.48, 280.80
254.38, 160.48, 280.80
263.33, 160.48, 280.80
272.27, 160.48, 280.80
281.22, 160.48, 280.80
290.17, 160.48, 280.80
299.11, 160.48, 280.80
308.06, 160.48, 280.80
317.01, 151.53, 280.80
308.06, 151.53, 280.80
299.11, 151.53, 280.80
290.17, 151.53, 280.80
281.22, 151.53, 280.80
272.27, 151.53, 280.80
263.33, 151.53, 280.80
254.38, 151.53, 280.80
245.43, 151.53, 280.80
236.48, 151.53, 280.80
227.54, 151.53, 280.80
218.59, 151.53, 280.80
209.64, 151.53, 280.80
200.69, 151.53, 280.80
191.75, 151.53, 280.80
182.80, 151.53, 280.80
173.85, 151.53, 280.80
164.90, 151.53, 280.80
155.96, 142.59, 280.80
164.90, 142.59, 280.80
173.85, 142.59, 280.80
182.80, 142.59, 280.80
191.75, 142.59, 280.80
200.69, 142.59, 280.80
209.64, 142.59, 280.80
218.59, 142.59, 280.80
227.54, 142.59, 280.80
236.48, 142.59, 280.80
245.43, 142.59, 280.80
254.38, 142.59, 280.80
263.33, 142.59, 280.80
272.27, 142.59, 280.80
281.22, 142.59, 280.80
290.17, 142.59, 280.80
299.11, 142.59, 280.80
308.06, 142.59, 280.80
308.06, 133.64, 280.80
299.11, 133.64, 280.80
290.17, 133.64, 280.80
281.22, 133.64, 280.80
272.27, 133.64, 280.80
263.33, 133.64, 280.80
254.38, 133.64, 280.80
245.43, 133.64, 280.80
236.48, 133.64, 280.80
227.54, 133.64, 280.80
218.59, 133.64, 280.80
209.64, 133.64, 280.80
200.69, 133.64, 280.80
191.75, 133.64, 280.80
182.80, 133.64, 280.80
173.85, 133.64, 280.80
164.90, 124.69, 280.80
173.85, 124.69, 280.80
182.80, 124.69, 280.80
191.75, 124.69, 280.80
200.69, 124.69, 280.80
209.64, 124.69, 280.80
218.59, 124.69, 280.80
227.54, 124.69, 280.80
236.48, 124.69, 280.80
245.43, 124.69, 280.80
254.38, 124.69, 280.80
263.33, 124.69, 280.80
272.27, 124.69, 280.80
281.22, 124.69, 280.80
290.17, 124.69, 280.80
299.11, 124.69, 280.80
299.11, 115.74, 280.80
290.17, 115.74, 280.80
281.22, 115.74, 280.80
272.27, 115.74, 280.80
263.33, 115.74, 280.80
254.38, 115.74, 280.80
245.43, 115.74, 280.80
236.48, 115.74, 280.80
227.54, 115.74, 280.80
218.59, 115.74, 280.80
209.64, 115.74, 280.80
200.69, 115.74, 280.80
191.75, 115.74, 280.80
182.80, 115.74, 280.80
182.80, 106.80, 280.80
191.75, 106.80, 280.80
200.69, 106.80, 280.80
209.64, 106.80, 280.80
218.59, 106.80, 280.80
227.54, 106.80, 280.80
236.48, 106.80, 280.80
245.43, 106.80, 280.80
254.38, 106.80, 280.80
263.33, 106.80, 280.80
272.27, 106.80, 280.80
281.22, 106.80, 280.80
272.27, 97.85, 280.80
263.33, 97.85, 280.80
254.38, 97.85, 280.80
245.43, 97.85, 280.80
236.48, 97.85, 280.80
227.54, 97.85, 280.80
218.59, 97.85, 280.80
209.64, 97.85, 280.80
200.69, 88.90, 289.75
209.64, 88.90, 289.75
218.59, 88.90, 289.75
227.54, 88.90, 289.75
236.48, 88.90, 289.75
245.43, 88.90, 289.75
254.38, 88.90, 289.75
263.33, 88.90, 289.75
290.17, 97.85, 289.75
281.22, 97.85, 289.75
272.27, 97.85, 289.75
263.33, 97.85, 289.75
254.38, 97.85, 289.75
245.43, 97.85, 289.75
236.48, 97.85, 289.75
227.54, 97.85, 289.75
218.59, 97.85, 289.75
209.64, 97.85, 289.75
200.69, 97.85, 289.75
191.75, 97.85, 289.75
173.85, 106.80, 289.75
182.80, 106.80, 289.75
191.75, 106.80, 289.75
200.69, 106.80, 289.75
209.64, 106.80, 289.75
218.59, 106.80, 289.75
227.54, 106.80, 289.75
236.48, 106.80, 289.75
245.43, 106.80, 289.75
254.38, 106.80, 289.75
263.33, 106.80, 289.75
272.27, 106.80, 289.75
281.22, 106.80, 289.75
290.17, 106.80, 289.75
308.06, 115.74, 289.75
299.11, 115.74, 289.75
290.17, 115.74, 289.75
281.22, 115.74, 289.75
272.27, 115.74, 289.75
263.33, 115.74, 289.75
254.38, 115.74, 289.75
245.43, 115.74, 289.75
236.48, 115.74, 289.75
227.54, 115.74, 289.75
218.59, 115.74, 289.75
209.64, 115.74, 289.75
200.69, 115.74, 289.75
191.75, 115.74, 289.75
182.80, 115.74, 289.75
173.85, 115.74, 289.75
164.90, 124.69, 289.75
173.85, 124.69, 289.75
182.80, 124.69, 289.75
191.75, 124.69, 289.75
200.69, 124.69, 289.75
209.64, 124.69, 289.75
218.59, 124.69, 289.75
227.54, 124.69, 289.75
236.48, 124.69, 289.75
245.43, 124.69, 289.75
254.38, 124.69, 289.75
263.33, 124.69, 289.75
272.27, 124.69, 289.75
281.22, 124.69, 289.75
290.17, 124.69, 289.75
299.11, 124.69, 289.75
317.01, 133.64, 289.75
308.06, 133.64, 289.75
299.11, 133.64, 289.75
290.17, 133.64, 289.75
281.22, 133.64, 289.75
272.27, 133.64, 289.75
263.33, 133.64, 289.75
254.38, 133.64, 289.75
245.43, 133.64, 289.75
236.48, 133.64, 289.75
227.54, 133.64, 289.75
218.59, 133.64, 289.75
209.64, 133.64, 289.75
200.69, 133.64, 289.75
191.75, 133.64, 289.75
182.80, 133.64, 289.75
173.85, 133.64, 289.75
164.90, 133.64, 289.75
155.96, 142.59, 289.75
164.90, 142.59, 289.75
173.85, 142.59, 289.75
182.80, 142.59, 289.75
191.75, 142.59, 289.75
200.69, 142.59, 289.75
209.64, 142.59, 289.75
218.59, 142.59, 289.75
227.54, 142.59, 289.75
236.48, 142.59, 289.75
245.43, 142.59, 289.75
254.38, 142.59, 289.75
263.33, 142.59, 289.75
272.27, 142.59, 289.75
281.22, 142.59, 289.75
290.17, 142.59, 289.75
299.11, 142.59, 289.75
308.06, 142.59, 289.75
317.01, 151.53, 289.75
308.06, 151.53, 289.75
299.11, 151.53, 289.75
290.17, 151.53, 289.75
281.22, 151.53, 289.75
272.27, 151.53, 289.75
263.33, 151.53, 289.75
254.38, 151.53, 289.75
245.43, 151.53, 289.75
236.48, 151.53, 289.75
227.54, 151.53, 289.75
218.59, 151.53, 289.75
209.64, 151.53, 289.75
200.69, 151.53, 289.75
191.75, 151.53, 289.75
182.80, 151.53, 289.75
173.85, 151.53, 289.75
164.90, 151.53, 289.75
155.96, 160.48, 289.75
164.90, 160.48, 289.75
173.85, 160.48, 289.75
182.80, 160.48, 289.75
191.75, 160.48, 289.75
200.69, 160.48, 289.75
209.64, 160.48, 289.75
218.59, 160.48, 289.75
227.54, 160.48, 289.75
236.48, 160.48, 289.75
245.43, 160.48, 289.75
254.38, 160.48, 289.75
263.33, 160.48, 289.75
272.27, 160.48, 289.75
281.22, 160.48, 289.75
290.17, 160.48, 289.75
299.11, 160.48, 289.75
308.06, 160.48, 289.75
317.01, 169.43, 289.75
308.06, 169.43, 289.75
299.11, 169.43, 289.75
290.17, 169.43, 289.75
281.22, 169.43, 289.75
272.27, 169.43, 289.75
263.33, 169.43, 289.75
254.38, 169.43, 289.75
245.43, 169.43, 289.75
236.48, 169.43, 289.75
227.54, 169.43, 289.75
218.59, 169.43, 289.75
209.64, 169.43, 289.75
200.69, 169.43, 289.75
191.75, 169.43, 289.75
182.80, 169.43, 289.75
173.85, 169.43, 289.75
164.90, 169.43, 289.75
155.96, 178.37, 289.75
164.90, 178.37, 289.75
173.85, 178.37, 289.75
182.80, 178.37, 289.75
191.75, 178.37, 289.75
200.69, 178.37, 289.75
209.64, 178.37, 289.75
218.59, 178.37, 289.75
227.54, 178.37, 289.75
236.48, 178.37, 289.75
245.43, 178.37, 289.75
254.38, 178.37, 289.75
263.33, 178.37, 289.75
272.27, 178.37, 289.75
281.22, 178.37, 289.75
290.17, 178.37, 289.75
299.11, 178.37, 289.75
308.06, 178.37, 289.75
317.01, 187.32, 289.75
308.06, 187.32, 289.75
299.11, 187.32, 289.75
290.17, 187.32, 289.75
281.22, 187.32, 289.75
272.27, 187.32, 289.75
263.33, 187.32, 289.75
254.38, 187.32, 289.75
245.43, 187.32, 289.75
236.48, 187.32, 289.75
227.54, 187.32, 289.75
218.59, 187.32, 289.75
209.64, 187.32, 289.75
200.69, 187.32, 289.75
191.75, 187.32, 289.75
182.80, 187.32, 289.75
173.85, 187.32, 289.75
164.90, 187.32, 289.75
155.96, 196.27, 289.75
164.90, 196.27, 289.75
173.85, 196.27, 289.75
182.80, 196.27, 289.75
191.75, 196.27, 289.75
200.69, 196.27, 289.75
209.64, 196.27, 289.75
218.59, 196.27, 289.75
227.54, 196.27, 289.75
236.48, 196.27, 289.75
245.43, 196.27, 289.75
254.38, 196.27, 289.75
263.33, 196.27, 289.75
272.27, 196.27, 289.75
281.22, 196.27, 289.75
290.17, 196.27, 289.75
299.11, 196.27, 289.75
308.06, 196.27, 289.75
308.06, 205.22, 289.75
299.11, 205.22, 289.75
290.17, 205.22, 289.75
281.22, 205.22, 289.75
272.27, 205.22, 289.75
263.33, 205.22, 289.75
254.38, 205.22, 289.75
245.43, 205.22, 289.75
236.48, 205.22, 289.75
227.54, 205.22, 289.75
218.59, 205.22, 289.75
209.64, 205.22, 289.75
200.69, 205.22, 289.75
191.75, 205.22, 289.75
182.80, 205.22, 289.75
173.85, 205.22, 289.75
164.90, 214.16, 289.75
173.85, 214.16, 289.75
182.80, 214.16, 289.75
191.75, 214.16, 289.75
200.69, 214.16, 289.75
209.64, 214.16, 289.75
218.59, 214.16, 289.75
227.54, 214.16, 289.75
236.48, 214.16, 289.75
245.43, 214.16, 289.75
254.38, 214.16, 289.75
263.33, 214.16, 289.75
272.27, 214.16, 289.75
281.22, 214.16, 289.75
290.17, 214.16, 289.75
299.11, 214.16, 289.75
299.11, 223.11, 289.75
290.17, 223.11, 289.75
281.22, 223.11, 289.75
272.27, 223.11, 289.75
263.33, 223.11, 289.75
254.38, 223.11, 289.75
245.43, 223.11, 289.75
236.48, 223.11, 289.75
227.54, 223.11, 289.75
218.59, 223.11, 289.75
209.64, 223.11, 289.75
200.69, 223.11, 289.75
191.75, 223.11, 289.75
182.80, 223.11, 289.75
182.80, 232.06, 289.75
191.75, 232.06, 289.75
200.69, 232.06, 289.75
209.64, 232.06, 289.75
218.59, 232.06, 289.75
227.54, 232.06, 289.75
236.48, 232.06, 289.75
245.43, 232.06, 289.75
254.38, 232.06, 289.75
263.33, 232.06, 289.75
272.27, 232.06, 289.75
281.22, 232.06, 289.75
272.27, 241.01, 289.75
263.33, 241.01, 289.75
254.38, 241.01, 289.75
245.43, 241.01, 289.75
236.48, 241.01, 289.75
227.54, 241.01, 289.75
218.59, 241.01, 289.75
209.64, 241.01, 289.75
209.64, 249.95, 298.70
218.59, 249.95, 298.70
227.54, 249.95, 298.70
236.48, 249.95, 298.70
245.43, 249.95, 298.70
254.38, 249.95, 298.70
281.22, 241.01, 298.70
272.27, 241.01, 298.70
263.33, 241.01, 298.70
254.38, 241.01, 298.70
245.43, 241.01, 298.70
236.48, 241.01, 298.70
227.54, 241.01, 298.70
218.59, 241.01, 298.70
209.64, 241.01, 298.70
200.69, 241.01, 298.70
182.80, 232.06, 298.70
191.75, 232.06, 298.70
200.69, 232.06, 298.70
209.64, 232.06, 298.70
218.59, 232.06, 298.70
227.54, 232.06, 298.70
236.48, 232.06, 298.70
245.43, 232.06, 298.70
254.38, 232.06, 298.70
263.33, 232.06, 298.70
272.27, 232.06, 298.70
281.22, 232.06, 298.70
299.11, 223.11, 298.70
290.17, 223.11, 298.70
281.22, 223.11, 298.70
272.27, 223.11, 298.70
263.33, 223.11, 298.70
254.38, 223.11, 298.70
245.43, 223.11, 298.70
236.48, 223.11, 298.70
227.54, 223.11, 298.70
218.59, 223.11, 298.70
209.64, 223.11, 298.70
200.69, 223.11, 298.70
191.75, 223.11, 298.70
182.80, 223.11, 298.70
164.90, 214.16, 298.70
173.85, 214.16, 298.70
182.80, 214.16, 298.70
191.75, 214.16, 298.70
200.69, 214.16, 298.70
209.64, 214.16, 298.70
218.59, 214.16, 298.70
227.54, 214.16, 298.70
236.48, 214.16, 298.70
245.43, 214.16, 298.70
254.38, 214.16, 298.70
263.33, 214.16, 298.70
272.27, 214.16, 298.70
281.22, 214.16, 298.70
290.17, 214.16, 298.70
299.11, 214.16, 298.70
308.06, 205.22, 298.70
299.11, 205.22, 298.70
290.17, 205.22, 298.70
281.22, 205.22, 298.70
272.27, 205.22, 298.70
263.33, 205.22, 298.70
254.38, 205.22, 298.70
245.43, 205.22, 298.70
236.48, 205.22, 298.70
227.54, 205.22, 298.70
218.59, 205.22, 298.70
209.64, 205.22, 298.70
200.69, 205.22, 298.70
191.75, 205.22, 298.70
182.80, 205.22, 298.70
173.85, 205.22, 298.70
155.96, 196.27, 298.70
164.90, 196.27, 298.70
173.85, 196.27, 298.70
182.80, 196.27, 298.70
191.75, 196.27, 298.70
200.69, 196.27, 298.70
209.64, 196.27, 298.70
218.59, 196.27, 298.70
227.54, 196.27, 298.70
236.48, 196.27, 298.70
245.43, 196.27, 298.70
254.38, 196.27, 298.70
263.33, 196.27, 298.70
272.27, 196.27, 298.70
281.22, 196.27, 298.70
290.17, 196.27, 298.70
299.11, 196.27, 298.70
308.06, 196.27, 298.70
317.01, 187.32, 298.70
308.06, 187.32, 298.70
299.11, 187.32, 298.70
290.17, 187.32, 298.70
281.22, 187.32, 298.70
272.27, 187.32, 298.70
263.33, 187.32, 298.70
254.38, 187.32, 298.70
245.43, 187.32, 298.70
236.48, 187.32, 298.70
227.54, 187.32, 298.70
218.59, 187.32, 298.70
209.64, 187.32, 298.70
200.69, 187.32, 298.70
191.75, 187.32, 298.70
182.80, 187.32, 298.70
173.85, 187.32, 298.70
164.90, 187.32, 298.70
155.96, 178.37, 298.70
164.90, 178.37, 298.70
173.85, 178.37, 298.70
182.80, 178.37, 298.70
191.75, 178.37, 298.70
200.69, 178.37, 298.70
209.64, 178.37, 298.70
218.59, 178.37, 298.70
227.54, 178.37, 298.70
236.48, 178.37, 298.70
245.43, 178.37, 298.70
254.38, 178.37, 298.70
263.33, 178.37, 298.70
272.27, 178.37, 298.70
281.22, 178.37, 298.70
290.17, 178.37, 298.70
299.11, 178.37, 298.70
308.06, 178.37, 298.70
317.01, 169.43, 298.70
308.06, 169.43, 298.70
299.11, 169.43, 298.70
290.17, 169.43, 298.70
281.22, 169.43, 298.70
272.27, 169.43, 298.70
263.33, 169.43, 298.70
254.38, 169.43, 298.70
245.43, 169.43, 298.70
236.48, 169.43, 298.70
227.54, 169.43, 298.70
218.59, 169.43, 298.70
209.64, 169.43, 298.70
200.69, 169.43, 298.70
191.75, 169.43, 298.70
182.80, 169.43, 298.70
173.85, 169.43, 298.70
164.90, 169.43, 298.70
155.96, 160.48, 298.70
164.90, 160.48, 298.70
173.85, 160.48, 298.70
182.80, 160.48, 298.70
191.75, 160.48, 298.70
200.69, 160.48, 298.70
209.64, 160.48, 298.70
218.59, 160.48, 298.70
227.54, 160.48, 298.70
236.48, 160.48, 298.70
245.43, 160.48, 298.70
254.38, 160.48, 298.70
263.33, 160.48, 298.70
272.27, 160.48, 298.70
281.22, 160.48, 298.70
290.17, 160.48, 298.70
299.11, 160.48, 298.70
308.06, 160.48, 298.70
317.01, 151.53, 298.70
308.06, 151.53, 298.70
299.11, 151.53, 298.70
290.17, 151.53, 298.70
281.22, 151.53, 298.70
272.27, 151.53, 298.70
263.33, 151.53, 298.70
254.38, 151.53, 298.70
245.43, 151.53, 298.70
236.48, 151.53, 298.70
227.54, 151.53, 298.70
218.59, 151.53, 298.70
209.64, 151.53, 298.70
200.69, 151.53, 298.70
191.75, 151.53, 298.70
182.80, 151.53, 298.70
173.85, 151.53, 298.70
164.90, 151.53, 298.70
164.90, 142.59, 298.70
173.85, 142.59, 298.70
182.80, 142.59, 298.70
191.75, 142.59, 298.70
200.69, 142.59, 298.70
209.64, 142.59, 298.70
218.59, 142.59, 298.70
227.54, 142.59, 298.70
236.48, 142.59, 298.70
245.43, 142.59, 298.70
254.38, 142.59, 298.70
263.33, 142.59, 298.70
272.27, 142.59, 298.70
281.22, 142.59, 298.70
290.17, 142.59, 298.70
299.11, 142.59, 298.70
308.06, 133.64, 298.70
299.11, 133.64, 298.70
290.17, 133.64, 298.70
281.22, 133.64, 298.70
272.27, 133.64, 298.70
263.33, 133.64, 298.70
254.38, 133.64, 298.70
245.43, 133.64, 298.70
236.48, 133.64, 298.70
227.54, 133.64, 298.70
218.59, 133.64, 298.70
209.64, 133.64, 298.70
200.69, 133.64, 298.70
191.75, 133.64, 298.70
182.80, 133.64, 298.70
173.85, 133.64, 298.70
173.85, 124.69, 298.70
182.80, 124.69, 298.70
191.75, 124.69, 298.70
200.69, 124.69, 298.70
209.64, 124.69, 298.70
218.59, 124.69, 298.70
227.54, 124.69, 298.70
236.48, 124.69, 298.70
245.43, 124.69, 298.70
254.38, 124.69, 298.70
263.33, 124.69, 298.70
272.27, 124.69, 298.70
281.22, 124.69, 298.70
290.17, 124.69, 298.70
290.17, 115.74, 298.70
281.22, 115.74, 298.70
272.27, 115.74, 298.70
263.33, 115.74, 298.70
254.38, 115.74, 298.70
245.43, 115.74, 298.70
236.48, 115.74, 298.70
227.54, 115.74, 298.70
218.59, 115.74, 298.70
209.64, 115.74, 298.70
200.69, 115.74, 298.70
191.75, 115.74, 298.70
191.75, 106.80, 298.70
200.69, 106.80, 298.70
209.64, 106.80, 298.70
218.59, 106.80, 298.70
227.54, 106.80, 298.70
236.48, 106.80, 298.70
245.43, 106.80, 298.70
254.38, 106.80, 298.70
263.33, 106.80, 298.70
272.27, 106.80, 298.70
263.33, 97.85, 298.70
254.38, 97.85, 298.70
245.43, 97.85, 298.70
236.48, 97.85, 298.70
227.54, 97.85, 298.70
218.59, 97.85, 298.70
218.59, 88.90, 307.65
227.54, 88.90, 307.65
236.48, 88.90, 307.65
245.43, 88.90, 307.65
281.22, 97.85, 307.65
272.27, 97.85, 307.65
263.33, 97.85, 307.65
254.38, 97.85, 307.65
245.43, 97.85, 307.65
236.48, 97.85, 307.65
227.54, 97.85, 307.65
218.59, 97.85, 307.65
209.64, 97.85, 307.65
200.69, 97.85, 307.65
182.80, 106.80, 307.65
191.75, 106.80, 307.65
200.69, 106.80, 307.65
209.64, 106.80, 307.65
218.59, 106.80, 307.65
227.54, 106.80, 307.65
236.48, 106.80, 307.65
245.43, 106.80, 307.65
254.38, 106.80, 307.65
263.33, 106.80, 307.65
272.27, 106.80, 307.65
281.22, 106.80, 307.65
299.11, 115.74, 307.65
290.17, 115.74, 307.65
281.22, 115.74, 307.65
272.27, 115.74, 307.65
263.33, 115.74, 307.65
254.38, 115.74, 307.65
245.43, 115.74, 307.65
236.48, 115.74, 307.65
227.54, 115.74, 307.65
218.59, 115.74, 307.65
209.64, 115.74, 307.65
200.69, 115.74, 307.65
191.75, 115.74, 307.65
182.80, 115.74, 307.65
164.90, 124.69, 307.65
173.85, 124.69, 307.65
182.80, 124.69, 307.65
191.75, 124.69, 307.65
200.69, 124.69, 307.65
209.64, 124.69, 307.65
218.59, 124.69, 307.65
227.54, 124.69, 307.65
236.48, 124.69, 307.65
245.43, 124.69, 307.65
254.38, 124.69, 307.65
263.33, 124.69, 307.65
272.27, 124.69, 307.65
281.22, 124.69, 307.65
290.17, 124.69, 307.65
299.11, 124.69, 307.65
308.06, 133.64, 307.65
299.11, 133.64, 307.65
290.17, 133.64, 307.65
281.22, 133.64, 307.65
272.27, 133.64, 307.65
263.33, 133.64, 307.65
254.38, 133.64, 307.65
245.43, 133.64, 307.65
236.48, 133.64, 307.65
227.54, 133.64, 307.65
218.59, 133.64, 307.65
209.64, 133.64, 307.65
200.69, 133.64, 307.65
191.75, 133.64, 307.65
182.80, 133.64, 307.65
173.85, 133.64, 307.65
164.90, 142.59, 307.65
173.85, 142.59, 307.65
182.80, 142.59, 307.65
191.75, 142.59, 307.65
200.69, 142.59, 307.65
209.64, 142.59, 307.65
218.59, 142.59, 307.65
227.54, 142.59, 307.65
236.48, 142.59, 307.65
245.43, 142.59, 307.65
254.38, 142.59, 307.65
263.33, 142.59, 307.65
272.27, 142.59, 307.65
281.22, 142.59, 307.65
290.17, 142.59, 307.65
299.11, 142.59, 307.65
317.01, 151.53, 307.65
308.06, 151.53, 307.65
299.11, 151.53, 307.65
290.17, 151.53, 307.65
281.22, 151.53, 307.65
272.27, 151.53, 307.65
263.33, 151.53, 307.65
254.38, 151.53, 307.65
245.43, 151.53, 307.65
236.48, 151.53, 307.65
227.54, 151.53, 307.65
218.59, 151.53, 307.65
209.64, 151.53, 307.65
200.69, 151.53, 307.65
191.75, 151.53, 307.65
182.80, 151.53, 307.65
173.85, 151.53, 307.65
164.90, 151.53, 307.65
155.96, 160.48, 307.65
164.90, 160.48, 307.65
173.85, 160.48, 307.65
182.80, 160.48, 307.65
191.75, 160.48, 307.65
200.69, 160.48, 307.65
209.64, 160.48, 307.65
218.59, 160.48, 307.65
227.54, 160.48, 307.65
236.48, 160.48, 307.65
245.43, 160.48, 307.65
254.38, 160.48, 307.65
263.33, 160.48, 307.65
272.27, 160.48, 307.65
281.22, 160.48, 307.65
290.17, 160.48, 307.65
299.11, 160.48, 307.65
308.06, 160.48, 307.65
317.01, 169.43, 307.65
308.06, 169.43, 307.65
299.11, 169.43, 307.65
290.17, 169.43, 307.65
281.22, 169.43, 307.65
272.27, 169.43, 307.65
263.33, 169.43, 307.65
254.38, 169.43, 307.65
245.43, 169.43, 307.65
236.48, 169.43, 307.65
227.54, 169.43, 307.65
218.59, 169.43, 307.65
209.64, 169.43, 307.65
200.69, 169.43, 307.65
191.75, 169.43, 307.65
182.80, 169.43, 307.65
173.85, 169.43, 307.65
164.90, 169.43, 307.65
155.96, 178.37, 307.65
164.90, 178.37, 307.65
173.85, 178.37, 307.65
182.80, 178.37, 307.65
191.75, 178.37, 307.65
200.69, 178.37, 307.65
209.64, 178.37, 307.65
218.59, 178.37, 307.65
227.54, 178.37, 307.65
236.48, 178.37, 307.65
245.43, 178.37, 307.65
254.38, 178.37, 307.65
263.33, 178.37, 307.65
272.27, 178.37, 307.65
281.22, 178.37, 307.65
290.17, 178.37, 307.65
299.11, 178.37, 307.65
308.06, 178.37, 307.65
308.06, 187.32, 307.65
299.11, 187.32, 307.65
290.17, 187.32, 307.65
281.22, 187.32, 307.65
272.27, 187.32, 307.65
263.33, 187.32, 307.65
254.38, 187.32, 307.65
245.43, 187.32, 307.65
236.48, 187.32, 307.65
227.54, 187.32, 307.65
218.59, 187.32, 307.65
209.64, 187.32, 307.65
200.69, 187.32, 307.65
191.75, 187.32, 307.65
182.80, 187.32, 307.65
173.85, 187.32, 307.65
164.90, 196.27, 307.65
173.85, 196.27, 307.65
182.80, 196.27, 307.65
191.75, 196.27, 307.65
200.69, 196.27, 307.65
209.64, 196.27, 307.65
218.59, 196.27, 307.65
227.54, 196.27, 307.65
236.48, 196.27, 307.65
245.43, 196.27, 307.65
254.38, 196.27, 307.65
263.33, 196.27, 307.65
272.27, 196.27, 307.65
281.22, 196.27, 307.65
290.17, 196.27, 307.65
299.11, 196.27, 307.65
308.06, 205.22, 307.65
299.11, 205.22, 307.65
290.17, 205.22, 307.65
281.22, 205.22, 307.65
272.27, 205.22, 307.65
263.33, 205.22, 307.65
254.38, 205.22, 307.65
245.43, 205.22, 307.65
236.48, 205.22, 307.65
227.54, 205.22, 307.65
218.59, 205.22, 307.65
209.64, 205.22, 307.65
200.69, 205.22, 307.65
191.75, 205.22, 307.65
182.80, 205.22, 307.65
173.85, 205.22, 307.65
173.85, 214.16, 307.65
182.80, 214.16, 307.65
191.75, 214.16, 307.65
200.69, 214.16, 307.65
209.64, 214.16, 307.65
218.59, 214.16, 307.65
227.54, 214.16, 307.65
236.48, 214.16, 307.65
245.43, 214.16, 307.65
254.38, 214.16, 307.65
263.33, 214.16, 307.65
272.27, 214.16, 307.65
281.22, 214.16, 307.65
290.17, 214.16, 307.65
290.17, 223.11, 307.65
281.22, 223.11, 307.65
272.27, 223.11, 307.65
263.33, 223.11, 307.65
254.38, 223.11, 307.65
245.43, 223.11, 307.65
236.48, 223.11, 307.65
227.54, 223.11, 307.65
218.59, 223.11, 307.65
209.64, 223.11, 307.65
200.69, 223.11, 307.65
191.75, 223.11, 307.65
191.75, 232.06, 307.65
200.69, 232.06, 307.65
209.64, 232.06, 307.65
218.59, 232.06, 307.65
227.54, 232.06, 307.65
236.48, 232.06, 307.65
245.43, 232.06, 307.65
254.38, 232.06, 307.65
263.33, 232.06, 307.65
272.27, 232.06, 307.65
254.38, 241.01, 307.65
245.43, 241.01, 307.65
236.48, 241.01, 307.65
227.54, 241.01, 307.65
272.27, 241.01, 316.59
263.33, 241.01, 316.59
254.38, 241.01, 316.59
245.43, 241.01, 316.59
236.48, 241.01, 316.59
227.54, 241.01, 316.59
218.59, 241.01, 316.59
209.64, 241.01, 316.59
191.75, 232.06, 316.59
200.69, 232.06, 316.59
209.64, 232.06, 316.59
218.59, 232.06, 316.59
227.54, 232.06, 316.59
236.48, 232.06, 316.59
245.43, 232.06, 316.59
254.38, 232.06, 316.59
263.33, 232.06, 316.59
272.27, 232.06, 316.59
290.17, 223.11, 316.59
281.22, 223.11, 316.59
272.27, 223.11, 316.59
263.33, 223.11, 316.59
254.38, 223.11, 316.59
245.43, 223.11, 316.59
236.48, 223.11, 316.59
227.54, 223.11, 316.59
218.59, 223.11, 316.59
209.64, 223.11, 316.59
200.69, 223.11, 316.59
191.75, 223.11, 316.59
173.85, 214.16, 316.59
182.80, 214.16, 316.59
191.75, 214.16, 316.59
200.69, 214.16, 316.59
209.64, 214.16, 316.59
218.59, 214.16, 316.59
227.54, 214.16, 316.59
236.48, 214.16, 316.59
245.43, 214.16, 316.59
254.38, 214.16, 316.59
263.33, 214.16, 316.59
272.27, 214.16, 316.59
281.22, 214.16, 316.59
290.17, 214.16, 316.59
308.06, 205.22, 316.59
299.11, 205.22, 316.59
290.17, 205.22, 316.59
281.22, 205.22, 316.59
272.27, 205.22, 316.59
263.33, 205.22, 316.59
254.38, 205.22, 316.59
245.43, 205.22, 316.59
236.48, 205.22, 316.59
227.54, 205.22, 316.59
218.59, 205.22, 316.59
209.64, 205.22, 316.59
200.69, 205.22, 316.59
191.75, 205.22, 316.59
182.80, 205.22, 316.59
173.85, 205.22, 316.59
164.90, 196.27, 316.59
173.85, 196.27, 316.59
182.80, 196.27, 316.59
191.75, 196.27, 316.59
200.69, 196.27, 316.59
209.64, 196.27, 316.59
218.59, 196.27, 316.59
227.54, 196.27, 316.59
236.48, 196.27, 316.59
245.43, 196.27, 316.59
254.38, 196.27, 316.59
263.33, 196.27, 316.59
272.27, 196.27, 316.59
281.22, 196.27, 316.59
290.17, 196.27, 316.59
299.11, 196.27, 316.59
308.06, 187.32, 316.59
299.11, 187.32, 316.59
290.17, 187.32, 316.59
281.22, 187.32, 316.59
272.27, 187.32, 316.59
263.33, 187.32, 316.59
254.38, 187.32, 316.59
245.43, 187.32, 316.59
236.48, 187.32, 316.59
227.54, 187.32, 316.59
218.59, 187.32, 316.59
209.64, 187.32, 316.59
200.69, 187.32, 316.59
191.75, 187.32, 316.59
182.80, 187.32, 316.59
173.85, 187.32, 316.59
164.90, 178.37, 316.59
173.85, 178.37, 316.59
182.80, 178.37, 316.59
191.75, 178.37, 316.59
200.69, 178.37, 316.59
209.64, 178.37, 316.59
218.59, 178.37, 316.59
227.54, 178.37, 316.59
236.48, 178.37, 316.59
245.43, 178.37, 316.59
254.38, 178.37, 316.59
263.33, 178.37, 316.59
272.27, 178.37, 316.59
281.22, 178.37, 316.59
290.17, 178.37, 316.59
299.11, 178.37, 316.59
308.06, 169.43, 316.59
299.11, 169.43, 316.59
290.17, 169.43, 316.59
281.22, 169.43, 316.59
272.27, 169.43, 316.59
263.33, 169.43, 316.59
254.38, 169.43, 316.59
245.43, 169.43, 316.59
236.48, 169.43, 316.59
227.54, 169.43, 316.59
218.59, 169.43, 316.59
209.64, 169.43, 316.59
200.69, 169.43, 316.59
191.75, 169.43, 316.59
182.80, 169.43, 316.59
173.85, 169.43, 316.59
164.90, 160.48, 316.59
173.85, 160.48, 316.59
182.80, 160.48, 316.59
191.75, 160.48, 316.59
200.69, 160.48, 316.59
209.64, 160.48, 316.59
218.59, 160.48, 316.59
227.54, 160.48, 316.59
236.48, 160.48, 316.59
245.43, 160.48, 316.59
254.38, 160.48, 316.59
263.33, 160.48, 316.59
272.27, 160.48, 316.59
281.22, 160.48, 316.59
290.17, 160.48, 316.59
299.11, 160.48, 316.59
308.06, 151.53, 316.59
299.11, 151.53, 316.59
290.17, 151.53, 316.59
281.22, 151.53, 316.59
272.27, 151.53, 316.59
263.33, 151.53, 316.59
254.38, 151.53, 316.59
245.43, 151.53, 316.59
236.48, 151.53, 316.59
227.54, 151.53, 316.59
218.59, 151.53, 316.59
209.64, 151.53, 316.59
200.69, 151.53, 316.59
191.75, 151.53, 316.59
182.80, 151.53, 316.59
173.85, 151.53, 316.59
164.90, 142.59, 316.59
173.85, 142.59, 316.59
182.80, 142.59, 316.59
191.75, 142.59, 316.59
200.69, 142.59, 316.59
209.64, 142.59, 316.59
218.59, 142.59, 316.59
227.54, 142.59, 316.59
236.48, 142.59, 316.59
245.43, 142.59, 316.59
254.38, 142.59, 316.59
263.33, 142.59, 316.59
272.27, 142.59, 316.59
281.22, 142.59, 316.59
290.17, 142.59, 316.59
299.11, 142.59, 316.59
299.11, 133.64, 316.59
290.17, 133.64, 316.59
281.22, 133.64, 316.59
272.27, 133.64, 316.59
263.33, 133.64, 316.59
254.38, 133.64, 316.59
245.43, 133.64, 316.59
236.48, 133.64, 316.59
227.54, 133.64, 316.59
218.59, 133.64, 316.59
209.64, 133.64, 316.59
200.69, 133.64, 316.59
191.75, 133.64, 316.59
182.80, 133.64, 316.59
182.80, 124.69, 316.59
191.75, 124.69, 316.59
200.69, 124.69, 316.59
209.64, 124.69, 316.59
218.59, 124.69, 316.59
227.54, 124.69, 316.59
236.48, 124.69, 316.59
245.43, 124.69, 316.59
254.38, 124.69, 316.59
263.33, 124.69, 316.59
272.27, 124.69, 316.59
281.22, 124.69, 316.59
281.22, 115.74, 316.59
272.27, 115.74, 316.59
263.33, 115.74, 316.59
254.38, 115.74, 316.59
245.43, 115.74, 316.59
236.48, 115.74, 316.59
227.54, 115.74, 316.59
218.59, 115.74, 316.59
209.64, 115.74, 316.59
200.69, 115.74, 316.59
200.69, 106.80, 316.59
209.64, 106.80, 316.59
218.59, 106.80, 316.59
227.54, 106.80, 316.59
236.48, 106.80, 316.59
245.43, 106.80, 316.59
254.38, 106.80, 316.59
263.33, 106.80, 316.59
254.38, 97.85, 325.54
245.43, 97.85, 325.54
236.48, 97.85, 325.54
227.54, 97.85, 325.54
200.69, 106.80, 325.54
209.64, 106.80, 325.54
218.59, 106.80, 325.54
227.54, 106.80, 325.54
236.48, 106.80, 325.54
245.43, 106.80, 325.54
254.38, 106.80, 325.54
263.33, 106.80, 325.54
281.22, 115.74, 325.54
272.27, 115.74, 325.54
263.33, 115.74, 325.54
254.38, 115.74, 325.54
245.43, 115.74, 325.54
236.48, 115.74, 325.54
227.54, 115.74, 325.54
218.59, 115.74, 325.54
209.64, 115.74, 325.54
200.69, 115.74, 325.54
182.80, 124.69, 325.54
191.75, 124.69, 325.54
200.69, 124.69, 325.54
209.64, 124.69, 325.54
218.59, 124.69, 325.54
227.54, 124.69, 325.54
236.48, 124.69, 325.54
245.43, 124.69, 325.54
254.38, 124.69, 325.54
263.33, 124.69, 325.54
272.27, 124.69, 325.54
281.22, 124.69, 325.54
299.11, 133.64, 325.54
290.17, 133.64, 325.54
281.22, 133.64, 325.54
272.27, 133.64, 325.54
263.33, 133.64, 325.54
254.38, 133.64, 325.54
245.43, 133.64, 325.54
236.48, 133.64, 325.54
227.54, 133.64, 325.54
218.59, 133.64, 325.54
209.64, 133.64, 325.54
200.69, 133.64, 325.54
191.75, 133.64, 325.54
182.80, 133.64, 325.54
173.85, 142.59, 325.54
182.80, 142.59, 325.54
191.75, 142.59, 325.54
200.69, 142.59, 325.54
209.64, 142.59, 325.54
218.59, 142.59, 325.54
227.54, 142.59, 325.54
236.48, 142.59, 325.54
245.43, 142.59, 325.54
254.38, 142.59, 325.54
263.33, 142.59, 325.54
272.27, 142.59, 325.54
281.22, 142.59, 325.54
290.17, 142.59, 325.54
308.06, 151.53, 325.54
299.11, 151.53, 325.54
290.17, 151.53, 325.54
281.22, 151.53, 325.54
272.27, 151.53, 325.54
263.33, 151.53, 325.54
254.38, 151.53, 325.54
245.43, 151.53, 325.54
236.48, 151.53, 325.54
227.54, 151.53, 325.54
218.59, 151.53, 325.54
209.64, 151.53, 325.54
200.69, 151.53, 325.54
191.75, 151.53, 325.54
182.80, 151.53, 325.54
173.85, 151.53, 325.54
164.90, 160.48, 325.54
173.85, 160.48, 325.54
182.80, 160.48, 325.54
191.75, 160.48, 325.54
200.69, 160.48, 325.54
209.64, 160.48, 325.54
218.59, 160.48, 325.54
227.54, 160.48, 325.54
236.48, 160.48, 325.54
245.43, 160.48, 325.54
254.38, 160.48, 325.54
263.33, 160.48, 325.54
272.27, 160.48, 325.54
281.22, 160.48, 325.54
290.17, 160.48, 325.54
299.11, 160.48, 325.54
308.06, 169.43, 325.54
299.11, 169.43, 325.54
290.17, 169.43, 325.54
281.22, 169.43, 325.54
272.27, 169.43, 325.54
263.33, 169.43, 325.54
254.38, 169.43, 325.54
245.43, 169.43, 325.54
236.48, 169.43, 325.54
227.54, 169.43, 325.54
218.59, 169.43, 325.54
209.64, 169.43, 325.54
200.69, 169.43, 325.54
191.75, 169.43, 325.54
182.80, 169.43, 325.54
173.85, 169.43, 325.54
164.90, 178.37, 325.54
173.85, 178.37, 325.54
182.80, 178.37, 325.54
191.75, 178.37, 325.54
200.69, 178.37, 325.54
209.64, 178.37, 325.54
218.59, 178.37, 325.54
227.54, 178.37, 325.54
236.48, 178.37, 325.54
245.43, 178.37, 325.54
254.38, 178.37, 325.54
263.33, 178.37, 325.54
272.27, 178.37, 325.54
281.22, 178.37, 325.54
290.17, 178.37, 325.54
299.11, 178.37, 325.54
299.11, 187.32, 325.54
290.17, 187.32, 325.54
281.22, 187.32, 325.54
272.27, 187.32, 325.54
263.33, 187.32, 325.54
254.38, 187.32, 325.54
245.43, 187.32, 325.54
236.48, 187.32, 325.54
227.54, 187.32, 325.54
218.59, 187.32, 325.54
209.64, 187.32, 325.54
200.69, 187.32, 325.54
191.75, 187.32, 325.54
182.80, 187.32, 325.54
173.85, 196.27, 325.54
182.80, 196.27, 325.54
191.75, 196.27, 325.54
200.69, 196.27, 325.54
209.64, 196.27, 325.54
218.59, 196.27, 325.54
227.54, 196.27, 325.54
236.48, 196.27, 325.54
245.43, 196.27, 325.54
254.38, 196.27, 325.54
263.33, 196.27, 325.54
272.27, 196.27, 325.54
281.22, 196.27, 325.54
290.17, 196.27, 325.54
290.17, 205.22, 325.54
281.22, 205.22, 325.54
272.27, 205.22, 325.54
263.33, 205.22, 325.54
254.38, 205.22, 325.54
245.43, 205.22, 325.54
236.48, 205.22, 325.54
227.54, 205.22, 325.54
218.59, 205.22, 325.54
209.64, 205.22, 325.54
200.69, 205.22, 325.54
191.75, 205.22, 325.54
191.75, 214.16, 325.54
200.69, 214.16, 325.54
209.64, 214.16, 325.54
218.59, 214.16, 325.54
227.54, 214.16, 325.54
236.48, 214.16, 325.54
245.43, 214.16, 325.54
254.38, 214.16, 325.54
263.33, 214.16, 325.54
272.27, 214.16, 325.54
272.27, 223.11, 325.54
263.33, 223.11, 325.54
254.38, 223.11, 325.54
245.43, 223.11, 325.54
236.48, 223.11, 325.54
227.54, 223.11, 325.54
218.59, 223.11, 325.54
209.64, 223.11, 325.54
218.59, 232.06, 325.54
227.54, 232.06, 325.54
236.48, 232.06, 325.54
245.43, 232.06, 325.54
218.59, 232.06, 334.49
227.54, 232.06, 334.49
236.48, 232.06, 334.49
245.43, 232.06, 334.49
272.27, 223.11, 334.49
263.33, 223.11, 334.49
254.38, 223.11, 334.49
245.43, 223.11, 334.49
236.48, 223.11, 334.49
227.54, 223.11, 334.49
218.59, 223.11, 334.49
209.64, 223.11, 334.49
191.75, 214.16, 334.49
200.69, 214.16, 334.49
209.64, 214.16, 334.49
218.59, 214.16, 334.49
227.54, 214.16, 334.49
236.48, 214.16, 334.49
245.43, 214.16, 334.49
254.38, 214.16, 334.49
263.33, 214.16, 334.49
272.27, 214.16, 334.49
290.17, 205.22, 334.49
281.22, 205.22, 334.49
272.27, 205.22, 334.49
263.33, 205.22, 334.49
254.38, 205.22, 334.49
245.43, 205.22, 334.49
236.48, 205.22, 334.49
227.54, 205.22, 334.49
218.59, 205.22, 334.49
209.64, 205.22, 334.49
200.69, 205.22, 334.49
191.75, 205.22, 334.49
182.80, 196.27, 334.49
191.75, 196.27, 334.49
200.69, 196.27, 334.49
209.64, 196.27, 334.49
218.59, 196.27, 334.49
227.54, 196.27, 334.49
236.48, 196.27, 334.49
245.43, 196.27, 334.49
254.38, 196.27, 334.49
263.33, 196.27, 334.49
272.27, 196.27, 334.49
281.22, 196.27, 334.49
299.11, 187.32, 334.49
290.17, 187.32, 334.49
281.22, 187.32, 334.49
272.27, 187.32, 334.49
263.33, 187.32, 334.49
254.38, 187.32, 334.49
245.43, 187.32, 334.49
236.48, 187.32, 334.49
227.54, 187.32, 334.49
218.59, 187.32, 334.49
209.64, 187.32, 334.49
200.69, 187.32, 334.49
191.75, 187.32, 334.49
182.80, 187.32, 334.49
173.85, 178.37, 334.49
182.80, 178.37, 334.49
191.75, 178.37, 334.49
200.69, 178.37, 334.49
209.64, 178.37, 334.49
218.59, 178.37, 334.49
227.54, 178.37, 334.49
236.48, 178.37, 334.49
245.43, 178.37, 334.49
254.38, 178.37, 334.49
263.33, 178.37, 334.49
272.27, 178.37, 334.49
281.22, 178.37, 334.49
290.17, 178.37, 334.49
299.11, 169.43, 334.49
290.17, 169.43, 334.49
281.22, 169.43, 334.49
272.27, 169.43, 334.49
263.33, 169.43, 334.49
254.38, 169.43, 334.49
245.43, 169.43, 334.49
236.48, 169.43, 334.49
227.54, 169.43, 334.49
218.59, 169.43, 334.49
209.64, 169.43, 334.49
200.69, 169.43, 334.49
191.75, 169.43, 334.49
182.80, 169.43, 334.49
173.85, 160.48, 334.49
182.80, 160.48, 334.49
191.75, 160.48, 334.49
200.69, 160.48, 334.49
209.64, 160.48, 334.49
218.59, 160.48, 334.49
227.54, 160.48, 334.49
236.48, 160.48, 334.49
245.43, 160.48, 334.49
254.38, 160.48, 334.49
263.33, 160.48, 334.49
272.27, 160.48, 334.49
281.22, 160.48, 334.49
290.17, 160.48, 334.49
290.17, 151.53, 334.49
281.22, 151.53, 334.49
272.27, 151.53, 334.49
263.33, 151.53, 334.49
254.38, 151.53, 334.49
245.43, 151.53, 334.49
236.48, 151.53, 334.49
227.54, 151.53, 334.49
218.59, 151.53, 334.49
209.64, 151.53, 334.49
200.69, 151.53, 334.49
191.75, 151.53, 334.49
182.80, 142.59, 334.49
191.75, 142.59, 334.49
200.69, 142.59, 334.49
209.64, 142.59, 334.49
218.59, 142.59, 334.49
227.54, 142.59, 334.49
236.48, 142.59, 334.49
245.43, 142.59, 334.49
254.38, 142.59, 334.49
263.33, 142.59, 334.49
272.27, 142.59, 334.49
281.22, 142.59, 334.49
281.22, 133.64, 334.49
272.27, 133.64, 334.49
263.33, 133.64, 334.49
254.38, 133.64, 334.49
245.43, 133.64, 334.49
236.48, 133.64, 334.49
227.54, 133.64, 334.49
218.59, 133.64, 334.49
209.64, 133.64, 334.49
200.69, 133.64, 334.49
200.69, 124.69, 334.49
209.64, 124.69, 334.49
218.59, 124.69, 334.49
227.54, 124.69, 334.49
236.48, 124.69, 334.49
245.43, 124.69, 334.49
254.38, 124.69, 334.49
263.33, 124.69, 334.49
254.38, 115.74, 334.49
245.43, 115.74, 334.49
236.48, 115.74, 334.49
227.54, 115.74, 334.49
254.38, 115.74, 343.44
245.43, 115.74, 343.44
236.48, 115.74, 343.44
227.54, 115.74, 343.44
200.69, 124.69, 343.44
209.64, 124.69, 343.44
218.59, 124.69, 343.44
227.54, 124.69, 343.44
236.48, 124.69, 343.44
245.43, 124.69, 343.44
254.38, 124.69, 343.44
263.33, 124.69, 343.44
281.22, 133.64, 343.44
272.27, 133.64, 343.44
263.33, 133.64, 343.44
254.38, 133.64, 343.44
245.43, 133.64, 343.44
236.48, 133.64, 343.44
227.54, 133.64, 343.44
218.59, 133.64, 343.44
209.64, 133.64, 343.44
200.69, 133.64, 343.44
191.75, 142.59, 343.44
200.69, 142.59, 343.44
209.64, 142.59, 343.44
218.59, 142.59, 343.44
227.54, 142.59, 343.44
236.48, 142.59, 343.44
245.43, 142.59, 343.44
254.38, 142.59, 343.44
263.33, 142.59, 343.44
272.27, 142.59, 343.44
290.17, 151.53, 343.44
281.22, 151.53, 343.44
272.27, 151.53, 343.44
263.33, 151.53, 343.44
254.38, 151.53, 343.44
245.43, 151.53, 343.44
236.48, 151.53, 343.44
227.54, 151.53, 343.44
218.59, 151.53, 343.44
209.64, 151.53, 343.44
200.69, 151.53, 343.44
191.75, 151.53, 343.44
182.80, 160.48, 343.44
191.75, 160.48, 343.44
200.69, 160.48, 343.44
209.64, 160.48, 343.44
218.59, 160.48, 343.44
227.54, 160.48, 343.44
236.48, 160.48, 343.44
245.43, 160.48, 343.44
254.38, 160.48, 343.44
263.33, 160.48, 343.44
272.27, 160.48, 343.44
281.22, 160.48, 343.44
290.17, 169.43, 343.44
281.22, 169.43, 343.44
272.27, 169.43, 343.44
263.33, 169.43, 343.44
254.38, 169.43, 343.44
245.43, 169.43, 343.44
236.48, 169.43, 343.44
227.54, 169.43, 343.44
218.59, 169.43, 343.44
209.64, 169.43, 343.44
200.69, 169.43, 343.44
191.75, 169.43, 343.44
182.80, 178.37, 343.44
191.75, 178.37, 343.44
200.69, 178.37, 343.44
209.64, 178.37, 343.44
218.59, 178.37, 343.44
227.54, 178.37, 343.44
236.48, 178.37, 343.44
245.43, 178.37, 343.44
254.38, 178.37, 343.44
263.33, 178.37, 343.44
272.27, 178.37, 343.44
281.22, 178.37, 343.44
281.22, 187.32, 343.44
272.27, 187.32, 343.44
263.33, 187.32, 343.44
254.38, 187.32, 343.44
245.43, 187.32, 343.44
236.48, 187.32, 343.44
227.54, 187.32, 343.44
218.59, 187.32, 343.44
209.64, 187.32, 343.44
200.69, 187.32, 343.44
191.75, 196.27, 343.44
200.69, 196.27, 343.44
209.64, 196.27, 343.44
218.59, 196.27, 343.44
227.54, 196.27, 343.44
236.48, 196.27, 343.44
245.43, 196.27, 343.44
254.38, 196.27, 343.44
263.33, 196.27, 343.44
272.27, 196.27, 343.44
272.27, 205.22, 343.44
263.33, 205.22, 343.44
254.38, 205.22, 343.44
245.43, 205.22, 343.44
236.48, 205.22, 343.44
227.54, 205.22, 343.44
218.59, 205.22, 343.44
209.64, 205.22, 343.44
218.59, 214.16, 343.44
227.54, 214.16, 343.44
236.48, 214.16, 343.44
245.43, 214.16, 343.44
254.38, 205.22, 352.38
245.43, 205.22, 352.38
236.48, 205.22, 352.38
227.54, 205.22, 352.38
209.64, 196.27, 352.38
218.59, 196.27, 352.38
227.54, 196.27, 352.38
236.48, 196.27, 352.38
245.43, 196.27, 352.38
254.38, 196.27, 352.38
272.27, 187.32, 352.38
263.33, 187.32, 352.38
254.38, 187.32, 352.38
245.43, 187.32, 352.38
236.48, 187.32, 352.38
227.54, 187.32, 352.38
218.59, 187.32, 352.38
209.64, 187.32, 352.38
200.69, 178.37, 352.38
209.64, 178.37, 352.38
218.59, 178.37, 352.38
227.54, 178.37, 352.38
236.48, 178.37, 352.38
245.43, 178.37, 352.38
254.38, 178.37, 352.38
263.33, 178.37, 352.38
272.27, 169.43, 352.38
263.33, 169.43, 352.38
254.38, 169.43, 352.38
245.43, 169.43, 352.38
236.48, 169.43, 352.38
227.54, 169.43, 352.38
218.59, 169.43, 352.38
209.64, 169.43, 352.38
200.69, 160.48, 352.38
209.64, 160.48, 352.38
218.59, 160.48, 352.38
227.54, 160.48, 352.38
236.48, 160.48, 352.38
245.43, 160.48, 352.38
254.38, 160.48, 352.38
263.33, 160.48, 352.38
263.33, 151.53, 352.38
254.38, 151.53, 352.38
245.43, 151.53, 352.38
236.48, 151.53, 352.38
227.54, 151.53, 352.38
218.59, 151.53, 352.38
218.59, 142.59, 352.38
227.54, 142.59, 352.38
236.48, 142.59, 352.38
245.43, 142.59, 352.38
