COSI2 B0 scan
2024-04-19 10:32:01.382413
MAGNET CENTER IN LAB: x 265.287 mm, y 166.332 mm, z 163.238 mm
MAGNET AXES WRT LAB: alpha -90.00 deg, beta -90.00 deg, gamma 0.00 deg
path: ./data/240418/a00_ball_path_10mm_coarse_5s_FAST.path0.000000 0.000000 0.000000 0.000000
-2.797000 48.084000 -2.330000 48.222000
-2.803000 48.086000 -2.334000 48.224000
-2.794000 48.087000 -2.320000 48.225000
-2.805000 48.084000 -2.328000 48.221000
-2.798000 48.085000 -2.324000 48.222000
-2.790000 48.083000 -2.338000 48.221000
-2.798000 48.083000 -2.329000 48.221000
-2.803000 48.085000 -2.330000 48.223000
-2.800000 48.084000 -2.321000 48.221000
-2.803000 48.085000 -2.322000 48.221000
-2.796000 48.084000 -2.323000 48.222000
-2.799000 48.082000 -2.323000 48.220000
-2.790000 48.085000 -2.333000 48.222000
-2.788000 48.084000 -2.333000 48.222000
-2.795000 48.085000 -2.332000 48.223000
-2.791000 48.083000 -2.320000 48.219000
-2.804000 48.086000 -2.322000 48.224000
-2.798000 48.083000 -2.327000 48.221000
-2.803000 48.086000 -2.317000 48.223000
-2.796000 48.084000 -2.324000 48.220000
-2.789000 48.082000 -2.323000 48.221000
-2.810000 48.085000 -2.330000 48.224000
-2.795000 48.086000 -2.324000 48.224000
-2.808000 48.086000 -2.329000 48.224000
-2.804000 48.086000 -2.332000 48.223000
-2.804000 48.086000 -2.316000 48.226000
-2.809000 48.084000 -2.333000 48.222000
-2.800000 48.086000 -2.330000 48.224000
-2.796000 48.086000 -2.342000 48.225000
-2.804000 48.088000 -2.332000 48.227000
-2.804000 48.089000 -2.350000 48.225000
-2.798000 48.087000 -2.329000 48.225000
-2.805000 48.090000 -2.331000 48.228000
-2.801000 48.085000 -2.327000 48.223000
-2.799000 48.088000 -2.333000 48.226000
-2.797000 48.088000 -2.332000 48.225000
-2.808000 48.085000 -2.332000 48.225000
-2.799000 48.085000 -2.330000 48.224000
-2.794000 48.088000 -2.329000 48.225000
-2.798000 48.086000 -2.334000 48.224000
-2.799000 48.088000 -2.324000 48.225000
-2.797000 48.088000 -2.328000 48.226000
-2.798000 48.087000 -2.327000 48.224000
-2.804000 48.084000 -2.346000 48.223000
-2.800000 48.086000 -2.320000 48.223000
-2.796000 48.084000 -2.335000 48.221000
-2.800000 48.088000 -2.319000 48.224000
-2.797000 48.089000 -2.331000 48.228000
-2.804000 48.087000 -2.322000 48.225000
-2.795000 48.087000 -2.335000 48.223000
-2.794000 48.088000 -2.321000 48.225000
-2.796000 48.088000 -2.338000 48.226000
-2.798000 48.085000 -2.334000 48.223000
-2.796000 48.085000 -2.330000 48.224000
-2.799000 48.087000 -2.330000 48.224000
