COSI2 B0 scan
2024-04-19 10:25:38.383373
MAGNET CENTER IN LAB: x 265.287 mm, y 166.332 mm, z 163.238 mm
MAGNET AXES WRT LAB: alpha -90.00 deg, beta -90.00 deg, gamma 0.00 deg
path: ./data/240418/a00_ball_path_80mm_coarse_5s_FAST.path
0.000000 0.000000 0.000000 0.000000
-2.842000 48.057000 -2.319000 48.197000
-2.822000 48.043000 -2.334000 48.183000
-2.777000 48.085000 -2.357000 48.224000
-2.807000 48.069000 -2.333000 48.208000
-2.811000 48.055000 -2.320000 48.193000
-2.819000 48.068000 -2.332000 48.207000
-2.819000 48.094000 -2.318000 48.233000
-2.819000 48.066000 -2.320000 48.205000
-2.801000 48.066000 -2.316000 48.203000
-2.792000 48.081000 -2.308000 48.217000
-2.789000 48.076000 -2.263000 48.209000
-2.788000 48.048000 -2.280000 48.183000
-2.779000 48.056000 -2.344000 48.193000
-2.789000 48.033000 -2.317000 48.169000
-2.788000 48.036000 -2.267000 48.170000
-2.785000 48.053000 -2.234000 48.185000
-2.781000 48.164000 -2.239000 48.296000
-2.788000 48.090000 -2.269000 48.225000
-2.796000 48.064000 -2.289000 48.199000
-2.795000 48.065000 -2.308000 48.202000
-2.801000 48.105000 -2.339000 48.243000
-2.796000 48.082000 -2.311000 48.219000
-2.800000 48.077000 -2.316000 48.213000
-2.790000 48.100000 -2.307000 48.236000
-2.780000 48.122000 -2.359000 48.261000
-2.806000 48.095000 -2.341000 48.233000
-2.809000 48.077000 -2.335000 48.216000
-2.820000 48.086000 -2.351000 48.225000
-2.806000 48.110000 -2.350000 48.249000
-2.830000 48.085000 -2.352000 48.225000
-2.828000 48.079000 -2.357000 48.220000
-2.823000 48.097000 -2.389000 48.237000
-2.789000 48.151000 -2.368000 48.290000
-2.804000 48.113000 -2.347000 48.253000
-2.808000 48.089000 -2.337000 48.227000
-2.796000 48.092000 -2.348000 48.231000
-2.770000 48.111000 -2.352000 48.248000
-2.777000 48.086000 -2.346000 48.224000
-2.787000 48.093000 -2.330000 48.230000
-2.790000 48.117000 -2.319000 48.254000
-2.787000 48.175000 -2.238000 48.308000
-2.788000 48.106000 -2.265000 48.238000
-2.780000 48.070000 -2.290000 48.204000
-2.769000 48.065000 -2.328000 48.202000
-2.732000 48.017000 -2.307000 48.151000
-2.764000 48.030000 -2.253000 48.162000
-2.762000 48.182000 -2.229000 48.313000
-2.779000 48.112000 -2.265000 48.245000
-2.755000 48.073000 -2.299000 48.206000
-2.743000 48.061000 -2.324000 48.195000
-2.728000 48.094000 -2.369000 48.229000
-2.765000 48.081000 -2.348000 48.218000
-2.775000 48.094000 -2.341000 48.230000
-2.787000 48.129000 -2.337000 48.265000
-2.805000 48.126000 -2.376000 48.265000
