COSI2 B0 scan
2024-04-19 10:44:55.549762
MAGNET CENTER IN LAB: x 265.287 mm, y 166.332 mm, z 163.238 mm
MAGNET AXES WRT LAB: alpha -90.00 deg, beta -90.00 deg, gamma 0.00 deg
path: ./data/240418/a00_ball_path_30mm_coarse_5s_FAST.path0.000000 0.000000 0.000000 0.000000
-2.808000 48.078000 -2.318000 48.216000
-2.807000 48.077000 -2.330000 48.217000
-2.801000 48.087000 -2.331000 48.225000
-2.795000 48.082000 -2.321000 48.220000
-2.809000 48.078000 -2.327000 48.216000
-2.807000 48.083000 -2.318000 48.221000
-2.803000 48.083000 -2.319000 48.219000
-2.800000 48.080000 -2.321000 48.217000
-2.797000 48.076000 -2.313000 48.214000
-2.797000 48.079000 -2.304000 48.216000
-2.798000 48.080000 -2.308000 48.216000
-2.795000 48.078000 -2.312000 48.215000
-2.789000 48.078000 -2.327000 48.215000
-2.804000 48.074000 -2.311000 48.212000
-2.793000 48.077000 -2.304000 48.214000
-2.795000 48.082000 -2.302000 48.217000
-2.786000 48.095000 -2.305000 48.230000
-2.789000 48.084000 -2.309000 48.221000
-2.805000 48.082000 -2.310000 48.219000
-2.793000 48.080000 -2.312000 48.217000
-2.798000 48.085000 -2.324000 48.223000
-2.801000 48.080000 -2.334000 48.219000
-2.801000 48.083000 -2.319000 48.219000
-2.800000 48.090000 -2.312000 48.226000
-2.796000 48.091000 -2.323000 48.228000
-2.795000 48.088000 -2.330000 48.226000
-2.805000 48.087000 -2.324000 48.224000
-2.806000 48.086000 -2.330000 48.225000
-2.809000 48.089000 -2.332000 48.227000
-2.805000 48.089000 -2.345000 48.229000
-2.795000 48.092000 -2.334000 48.231000
-2.809000 48.094000 -2.341000 48.233000
-2.814000 48.097000 -2.343000 48.236000
-2.799000 48.093000 -2.334000 48.231000
-2.803000 48.090000 -2.323000 48.227000
-2.796000 48.089000 -2.339000 48.227000
-2.797000 48.093000 -2.332000 48.231000
-2.799000 48.087000 -2.334000 48.226000
-2.798000 48.087000 -2.328000 48.225000
-2.790000 48.093000 -2.326000 48.230000
-2.798000 48.098000 -2.316000 48.235000
-2.788000 48.090000 -2.316000 48.228000
-2.796000 48.085000 -2.318000 48.222000
-2.786000 48.086000 -2.321000 48.222000
-2.792000 48.083000 -2.320000 48.219000
-2.778000 48.083000 -2.321000 48.219000
-2.796000 48.103000 -2.322000 48.240000
-2.786000 48.093000 -2.321000 48.230000
-2.786000 48.088000 -2.329000 48.224000
-2.784000 48.085000 -2.329000 48.221000
-2.779000 48.092000 -2.335000 48.229000
-2.782000 48.088000 -2.340000 48.226000
-2.788000 48.092000 -2.328000 48.229000
-2.787000 48.097000 -2.333000 48.234000
-2.792000 48.095000 -2.339000 48.233000
