COSI2 B0 scan
2024-04-18 17:19:56.448540
MAGNET CENTER IN LAB: x 265.287 mm, y 440.000 mm, z 163.238 mm
MAGNET AXES WRT LAB: alpha 0.00 deg, beta 0.00 deg, gamma 0.00 deg
0.000000 0.000000 0.000000 0.000000
-2.187000 36.352000 0.869000 36.428000
-2.162000 36.347000 0.478000 36.416000
-2.119000 36.209000 -0.757000 36.319000
-2.020000 35.285000 -3.246000 35.680000
-2.027000 34.645000 -2.456000 34.843000
-2.046000 34.647000 -1.180000 34.727000
-2.052000 34.717000 0.214000 34.763000
-2.052000 34.715000 2.081000 34.859000
-1.983000 33.762000 4.448000 34.240000
-1.971000 33.428000 2.812000 33.604000
-1.968000 33.297000 1.223000 33.377000
-1.944000 33.186000 -0.372000 33.245000
-1.948000 33.103000 -1.930000 33.217000
-1.929000 33.020000 -3.652000 33.277000
-1.850000 31.910000 -5.062000 32.363000
-1.836000 31.409000 -3.456000 31.653000
-1.843000 31.456000 -1.840000 31.564000
-1.848000 31.521000 -0.253000 31.576000
-1.849000 31.591000 1.361000 31.674000
-1.844000 31.687000 2.995000 31.875000
-1.712000 30.488000 3.097000 30.901000
-1.729000 29.997000 1.476000 30.094000
-1.750000 29.933000 -0.136000 29.993000
-1.750000 29.872000 -1.745000 29.984000
-1.674000 28.894000 -1.686000 29.190000
-1.650000 28.279000 -0.085000 28.345000
-1.640000 28.292000 -0.064000 28.340000
-1.643000 28.299000 -0.065000 28.345000
-1.639000 28.297000 -0.052000 28.344000
-1.638000 28.296000 -0.074000 28.344000
-1.647000 28.291000 -0.065000 28.339000
-1.639000 28.295000 -0.062000 28.342000
-1.652000 28.295000 -0.488000 28.348000
-1.691000 28.237000 -3.908000 28.556000
-1.675000 28.168000 -4.326000 28.550000
-1.680000 28.212000 -2.782000 28.409000
-1.665000 28.266000 -1.428000 28.350000
-1.653000 28.314000 0.043000 28.355000
-1.630000 28.356000 1.555000 28.439000
-1.637000 28.559000 4.119000 28.802000
-1.708000 29.876000 6.469000 30.445000
-1.721000 30.149000 4.744000 30.578000
-1.724000 30.079000 3.107000 30.298000
-1.730000 30.014000 1.447000 30.108000
-1.758000 29.954000 -0.151000 30.012000
-1.766000 29.896000 -1.736000 30.006000
-1.766000 29.838000 -3.354000 30.084000
-1.794000 29.803000 -5.085000 30.262000
-1.886000 30.977000 -6.668000 31.555000
-1.867000 31.396000 -5.032000 31.852000
-1.862000 31.422000 -3.443000 31.662000
-1.852000 31.466000 -1.834000 31.574000
-1.851000 31.528000 -0.250000 31.584000
-1.846000 31.600000 1.343000 31.683000
-1.835000 31.689000 2.978000 31.882000
-1.841000 31.798000 4.627000 32.185000
-1.959000 32.882000 4.438000 33.237000
-1.956000 33.438000 2.828000 33.613000
-1.946000 33.280000 1.225000 33.376000
-1.954000 33.172000 -0.345000 33.245000
-1.944000 33.099000 -1.911000 33.220000
-1.964000 33.074000 -3.556000 33.299000
-2.045000 34.250000 -5.073000 34.499000
-2.021000 34.587000 -3.503000 34.825000
-2.029000 34.618000 -1.981000 34.728000
-2.036000 34.686000 -0.462000 34.739000
-2.049000 34.790000 1.091000 34.851000
-2.076000 34.995000 2.423000 35.116000
-2.146000 36.034000 0.874000 35.947000
-2.158000 36.394000 -1.428000 36.424000
-2.229000 37.359000 -3.498000 37.467000
-2.216000 37.564000 -2.103000 37.683000
-2.219000 37.639000 -0.723000 37.700000
-2.194000 37.708000 1.612000 37.833000
-2.147000 36.954000 3.842000 37.315000
-2.139000 36.613000 2.342000 36.781000
-2.135000 36.414000 0.865000 36.510000
-2.136000 36.267000 -0.598000 36.350000
-2.126000 36.173000 -2.035000 36.304000
-2.119000 35.984000 -4.428000 36.339000
-2.077000 34.904000 -6.605000 35.725000
-2.058000 34.622000 -5.058000 35.055000
-2.052000 34.608000 -3.504000 34.846000
-2.039000 34.637000 -1.970000 34.749000
-2.041000 34.701000 -0.474000 34.754000
-2.039000 34.804000 1.062000 34.880000
-2.036000 34.946000 2.614000 35.103000
-2.039000 35.156000 4.314000 35.478000
-1.934000 34.192000 6.096000 34.786000
-1.942000 33.625000 4.424000 33.970000
-1.939000 33.458000 2.813000 33.632000
-1.938000 33.318000 1.219000 33.397000
-1.946000 33.206000 -0.338000 33.264000
-1.949000 33.132000 -1.901000 33.244000
-1.965000 33.077000 -3.477000 33.317000
-1.964000 33.031000 -5.155000 33.489000
-1.897000 31.946000 -6.655000 32.687000
-1.877000 31.423000 -5.031000 31.879000
-1.868000 31.452000 -3.423000 31.689000
-1.866000 31.501000 -1.826000 31.601000
-1.857000 31.561000 -0.239000 31.608000
-1.844000 31.635000 1.352000 31.708000
-1.831000 31.729000 2.999000 31.907000
-1.816000 31.825000 4.790000 32.234000
-1.715000 30.606000 6.444000 31.512000
-1.719000 30.183000 4.736000 30.616000
-1.733000 30.114000 3.088000 30.331000
-1.742000 30.047000 1.468000 30.141000
-1.756000 29.981000 -0.153000 30.040000
-1.768000 29.925000 -1.738000 30.033000
-1.771000 29.870000 -3.344000 30.115000
-1.782000 29.815000 -4.960000 30.284000
-1.698000 28.645000 -4.833000 29.302000
-1.690000 28.222000 -3.234000 28.450000
-1.669000 28.283000 -1.640000 28.372000
-1.657000 28.335000 -0.042000 28.377000
-1.650000 28.375000 1.558000 28.456000
-1.632000 28.412000 3.094000 28.626000
-1.620000 28.433000 3.182000 28.657000
-1.633000 28.435000 3.190000 28.660000
-1.638000 28.436000 3.185000 28.660000
-1.636000 28.436000 3.175000 28.660000
-1.629000 28.433000 3.184000 28.657000
-1.633000 28.432000 3.193000 28.657000
-1.636000 28.433000 3.175000 28.657000
-1.628000 28.433000 3.185000 28.657000
-1.630000 28.435000 3.182000 28.659000
-1.638000 28.435000 3.183000 28.660000
-1.625000 28.432000 3.185000 28.657000
-1.629000 28.436000 3.187000 28.660000
-1.631000 28.434000 3.186000 28.656000
-1.630000 28.435000 3.185000 28.659000
-1.630000 28.433000 3.190000 28.658000
-1.632000 28.434000 3.185000 28.658000
-1.639000 28.431000 2.669000 28.602000
-1.681000 28.313000 -3.052000 28.547000
-1.698000 28.157000 -6.467000 28.956000
-1.687000 28.181000 -4.844000 28.636000
-1.679000 28.249000 -3.240000 28.477000
-1.672000 28.309000 -1.618000 28.395000
-1.667000 28.365000 -0.039000 28.408000
-1.657000 28.407000 1.570000 28.491000
-1.637000 28.448000 3.195000 28.668000
-1.647000 28.516000 5.001000 28.952000
-1.710000 29.833000 6.449000 30.369000
-1.723000 30.202000 4.767000 30.631000
-1.731000 30.134000 3.115000 30.353000
-1.747000 30.062000 1.462000 30.158000
-1.761000 29.999000 -0.121000 30.058000
-1.778000 29.945000 -1.730000 30.054000
-1.778000 29.887000 -3.338000 30.130000
-1.802000 29.858000 -5.111000 30.310000
-1.918000 31.063000 -6.622000 31.634000
-1.890000 31.442000 -4.993000 31.894000
-1.875000 31.467000 -3.404000 31.705000
-1.867000 31.513000 -1.791000 31.612000
-1.859000 31.575000 -0.223000 31.622000
-1.837000 31.649000 1.372000 31.723000
-1.827000 31.743000 2.986000 31.922000
-1.830000 31.901000 4.765000 32.260000
-1.914000 33.299000 6.106000 33.685000
-1.911000 33.627000 4.445000 33.995000
-1.917000 33.461000 2.827000 33.635000
-1.935000 33.324000 1.243000 33.404000
-1.946000 33.220000 -0.326000 33.279000
-1.954000 33.141000 -1.872000 33.252000
-1.970000 33.090000 -3.440000 33.326000
-2.004000 33.071000 -5.123000 33.526000
-2.118000 34.167000 -6.588000 34.861000
-2.089000 34.638000 -5.031000 35.065000
-2.059000 34.621000 -3.497000 34.859000
-2.056000 34.643000 -1.952000 34.758000
-2.041000 34.710000 -0.448000 34.772000
-2.021000 34.812000 1.065000 34.886000
-2.004000 34.953000 2.607000 35.108000
-1.996000 35.166000 4.181000 35.441000
-2.094000 36.389000 3.870000 36.456000
-2.101000 36.631000 2.376000 36.797000
-2.102000 36.428000 0.874000 36.523000
-2.125000 36.283000 -0.596000 36.365000
-2.141000 36.186000 -2.033000 36.316000
-2.185000 36.189000 -3.728000 36.407000
-2.323000 37.318000 -4.913000 37.539000
-2.276000 37.622000 -3.490000 37.852000
-2.231000 37.633000 -2.106000 37.757000
-2.200000 37.694000 -0.717000 37.765000
-2.149000 37.814000 0.673000 37.881000
-2.102000 38.008000 2.941000 38.179000
-2.012000 37.363000 5.419000 37.808000
-2.035000 36.963000 3.868000 37.220000
-2.063000 36.700000 2.371000 36.834000
-2.088000 36.495000 0.893000 36.566000
-2.116000 36.339000 -0.576000 36.405000
-2.154000 36.232000 -2.030000 36.361000
-2.180000 36.187000 -3.513000 36.428000
-2.224000 36.178000 -5.085000 36.602000
-2.160000 35.201000 -6.590000 35.878000
-2.127000 34.678000 -5.041000 35.111000
-2.089000 34.665000 -3.504000 34.907000
-2.056000 34.694000 -1.956000 34.803000
-2.024000 34.766000 -0.448000 34.817000
-2.003000 34.867000 1.073000 34.927000
-1.980000 35.015000 2.622000 35.148000
-1.948000 35.213000 4.382000 35.526000
-1.860000 34.133000 6.106000 34.900000
-1.888000 33.666000 4.433000 34.033000
-1.894000 33.501000 2.812000 33.694000
-1.920000 33.364000 1.240000 33.458000
-1.938000 33.256000 -0.327000 33.327000
-1.970000 33.179000 -1.878000 33.298000
-1.981000 33.126000 -3.471000 33.372000
-2.015000 33.071000 -5.178000 33.538000
-1.931000 31.873000 -6.647000 32.808000
-1.907000 31.478000 -5.015000 31.932000
-1.883000 31.503000 -3.405000 31.740000
-1.866000 31.549000 -1.810000 31.656000
-1.852000 31.610000 -0.226000 31.665000
-1.834000 31.679000 1.380000 31.762000
-1.819000 31.772000 3.004000 31.965000
-1.798000 31.892000 4.753000 32.294000
-1.726000 30.802000 6.493000 31.527000
-1.727000 30.240000 4.784000 30.665000
-1.735000 30.173000 3.136000 30.385000
-1.747000 30.104000 1.507000 30.192000
-1.758000 30.039000 -0.108000 30.090000
-1.771000 29.978000 -1.705000 30.078000
-1.779000 29.925000 -3.330000 30.162000
-1.793000 29.840000 -5.069000 30.320000
-1.691000 28.680000 -6.483000 29.452000
-1.691000 28.201000 -4.855000 28.666000
-1.673000 28.267000 -3.252000 28.503000
-1.679000 28.327000 -1.635000 28.424000
-1.670000 28.385000 -0.049000 28.434000
-1.663000 28.430000 1.557000 28.521000
-1.664000 28.463000 3.176000 28.687000
-1.643000 28.500000 4.710000 28.929000
-1.647000 28.511000 4.838000 28.968000
-1.650000 28.511000 4.835000 28.965000
-1.654000 28.511000 4.852000 28.967000
-1.653000 28.511000 4.840000 28.966000
-1.641000 28.513000 4.846000 28.969000
-1.658000 28.512000 4.849000 28.969000
-1.641000 28.511000 4.849000 28.967000
-1.644000 28.512000 4.846000 28.967000
-1.649000 28.514000 4.842000 28.967000
-1.646000 28.514000 4.843000 28.968000
-1.644000 28.509000 4.832000 28.964000
-1.646000 28.513000 4.846000 28.967000
-1.649000 28.512000 4.845000 28.968000
-1.654000 28.512000 4.843000 28.965000
-1.652000 28.512000 4.263000 28.926000
-1.675000 28.375000 -3.192000 28.603000
-1.671000 28.215000 -6.506000 29.003000
-1.671000 28.218000 -4.868000 28.683000
-1.684000 28.282000 -3.252000 28.518000
-1.690000 28.345000 -1.636000 28.442000
-1.672000 28.401000 -0.030000 28.450000
-1.671000 28.446000 1.582000 28.539000
-1.672000 28.489000 3.205000 28.717000
-1.680000 28.544000 5.003000 29.027000
-1.726000 29.716000 6.520000 30.472000
-1.736000 30.256000 4.803000 30.684000
-1.746000 30.195000 3.156000 30.410000
-1.753000 30.123000 1.515000 30.213000
-1.772000 30.058000 -0.097000 30.110000
-1.777000 30.000000 -1.691000 30.099000
-1.785000 29.942000 -3.320000 30.179000
-1.814000 29.893000 -5.055000 30.372000
-1.948000 30.975000 -6.656000 31.742000
-1.916000 31.500000 -5.027000 31.957000
-1.896000 31.525000 -3.414000 31.766000
-1.868000 31.569000 -1.804000 31.677000
-1.854000 31.633000 -0.207000 31.687000
-1.835000 31.713000 1.397000 31.787000
-1.813000 31.809000 3.009000 31.989000
-1.806000 31.981000 4.742000 32.344000
-1.833000 33.418000 6.168000 33.811000
-1.856000 33.696000 4.477000 34.066000
-1.897000 33.533000 2.838000 33.727000
-1.904000 33.392000 1.253000 33.488000
-1.942000 33.283000 -0.319000 33.353000
-1.965000 33.208000 -1.881000 33.327000
-2.005000 33.156000 -3.458000 33.402000
-2.045000 33.130000 -5.018000 33.573000
-2.151000 34.253000 -5.039000 34.497000
-2.118000 34.701000 -3.496000 34.941000
-2.065000 34.730000 -1.952000 34.840000
-2.029000 34.796000 -0.429000 34.849000
-1.989000 34.902000 1.101000 34.961000
-1.958000 35.048000 2.640000 35.202000
-2.027000 36.178000 2.396000 36.314000
-2.059000 36.524000 0.901000 36.593000
-2.111000 36.382000 -0.556000 36.448000
-2.169000 36.286000 -2.045000 36.408000
-2.261000 37.308000 -2.090000 37.435000
-2.066000 37.669000 1.232000 37.790000
-1.932000 37.091000 3.911000 37.347000
-1.993000 36.829000 2.413000 36.961000
-2.045000 36.615000 0.924000 36.684000
-2.098000 36.460000 -0.562000 36.525000
-2.178000 36.357000 -2.030000 36.479000
-2.240000 36.278000 -3.670000 36.532000
-2.191000 35.255000 -5.060000 35.684000
-2.120000 34.768000 -3.515000 35.011000
-2.076000 34.795000 -1.962000 34.912000
-2.026000 34.859000 -0.448000 34.921000
-1.979000 34.954000 1.092000 35.027000
-1.877000 35.032000 3.451000 35.305000
-1.796000 34.087000 6.194000 34.813000
-1.840000 33.756000 4.513000 34.128000
-1.865000 33.594000 2.868000 33.788000
-1.900000 33.452000 1.252000 33.548000
-1.945000 33.339000 -0.343000 33.408000
-1.985000 33.263000 -1.896000 33.384000
-2.013000 33.209000 -3.503000 33.457000
-2.053000 33.154000 -5.235000 33.635000
-1.962000 31.920000 -6.694000 32.872000
-1.925000 31.544000 -5.059000 32.005000
-1.913000 31.569000 -3.417000 31.812000
-1.873000 31.616000 -1.823000 31.717000
-1.860000 31.677000 -0.222000 31.724000
-1.836000 31.752000 1.417000 31.836000
-1.807000 31.847000 3.043000 32.043000
-1.783000 31.956000 4.698000 32.349000
-1.731000 30.906000 4.811000 31.326000
-1.750000 30.224000 3.183000 30.441000
-1.753000 30.154000 1.535000 30.244000
-1.769000 30.085000 -0.107000 30.138000
-1.778000 30.029000 -1.703000 30.130000
-1.785000 29.934000 -3.488000 30.189000
-1.672000 28.779000 -4.874000 29.237000
-1.672000 28.295000 -3.259000 28.531000
-1.684000 28.357000 -1.627000 28.453000
-1.688000 28.415000 -0.035000 28.465000
-1.675000 28.453000 1.571000 28.546000
-1.685000 28.493000 3.106000 28.705000
-1.690000 28.514000 3.254000 28.747000
-1.683000 28.513000 3.248000 28.748000
-1.678000 28.514000 2.670000 28.712000
-1.670000 28.448000 -1.512000 28.528000
-1.677000 28.346000 -3.149000 28.595000
-1.677000 28.367000 -1.644000 28.464000
-1.689000 28.427000 -0.008000 28.473000
-1.712000 28.643000 2.611000 28.723000
-1.747000 29.975000 4.872000 30.246000
-1.750000 30.233000 3.189000 30.460000
-1.760000 30.164000 1.537000 30.265000
-1.768000 30.098000 -0.113000 30.158000
-1.789000 30.039000 -1.737000 30.149000
-1.810000 30.001000 -3.535000 30.238000
-1.931000 31.199000 -5.074000 31.482000
-1.918000 31.603000 -3.441000 31.844000
-1.891000 31.651000 -1.815000 31.752000
-1.862000 31.714000 -0.198000 31.762000
-1.827000 31.789000 1.419000 31.863000
-1.809000 31.884000 3.075000 32.068000
-1.849000 33.085000 2.894000 33.056000
-1.892000 33.499000 1.288000 33.577000
-1.941000 33.387000 -0.310000 33.444000
