COSI2 B0 scan
2024-04-18 16:49:40.488289
MAGNET CENTER IN LAB: x 265.287 mm, y 166.332 mm, z 163.238 mm
MAGNET AXES WRT LAB: alpha 0.00 deg, beta 0.00 deg, gamma 0.00 deg
0.000000 0.000000 0.000000 0.000000
-2.757000 48.110000 -2.322000 48.245000
-2.764000 48.108000 -2.316000 48.242000
-2.757000 48.110000 -2.314000 48.244000
-2.751000 48.108000 -2.316000 48.243000
-2.756000 48.108000 -2.324000 48.243000
-2.760000 48.108000 -2.318000 48.243000
-2.752000 48.106000 -2.316000 48.240000
-2.755000 48.107000 -2.321000 48.242000
-2.757000 48.108000 -2.314000 48.243000
-2.754000 48.107000 -2.319000 48.241000
-2.747000 48.108000 -2.311000 48.242000
-2.751000 48.105000 -2.309000 48.240000
-2.754000 48.105000 -2.316000 48.240000
-2.749000 48.107000 -2.325000 48.242000
-2.750000 48.110000 -2.318000 48.245000
-2.755000 48.107000 -2.306000 48.243000
-2.751000 48.107000 -2.309000 48.241000
-2.753000 48.105000 -2.320000 48.240000
-2.752000 48.106000 -2.315000 48.240000
-2.746000 48.107000 -2.307000 48.241000
-2.757000 48.110000 -2.309000 48.244000
-2.754000 48.108000 -2.313000 48.243000
-2.755000 48.109000 -2.309000 48.243000
-2.754000 48.109000 -2.306000 48.245000
-2.760000 48.110000 -2.313000 48.246000
-2.752000 48.109000 -2.324000 48.244000
-2.760000 48.109000 -2.325000 48.244000
-2.756000 48.108000 -2.326000 48.244000
-2.754000 48.109000 -2.319000 48.243000
-2.751000 48.109000 -2.322000 48.245000
-2.752000 48.108000 -2.327000 48.241000
-2.764000 48.112000 -2.321000 48.245000
-2.750000 48.111000 -2.331000 48.246000
-2.759000 48.110000 -2.318000 48.245000
-2.763000 48.111000 -2.321000 48.246000
-2.749000 48.110000 -2.319000 48.245000
-2.756000 48.110000 -2.325000 48.245000
-2.753000 48.109000 -2.324000 48.244000
-2.759000 48.110000 -2.313000 48.245000
-2.747000 48.110000 -2.316000 48.244000
-2.755000 48.113000 -2.318000 48.246000
-2.753000 48.112000 -2.320000 48.245000
-2.752000 48.112000 -2.321000 48.246000
-2.754000 48.111000 -2.315000 48.245000
-2.749000 48.107000 -2.315000 48.241000
-2.741000 48.108000 -2.322000 48.242000
-2.750000 48.110000 -2.319000 48.243000
-2.751000 48.111000 -2.318000 48.244000
-2.754000 48.108000 -2.318000 48.243000
-2.753000 48.109000 -2.316000 48.243000
-2.747000 48.112000 -2.326000 48.247000
-2.757000 48.113000 -2.314000 48.247000
-2.745000 48.110000 -2.315000 48.245000
-2.750000 48.108000 -2.310000 48.242000
-2.752000 48.110000 -2.314000 48.243000
