COSI2 B0 scan
2024-04-18 16:54:01.628262
MAGNET CENTER IN LAB: x 265.287 mm, y 166.332 mm, z 163.238 mm
MAGNET AXES WRT LAB: alpha 0.00 deg, beta 0.00 deg, gamma 0.00 deg
0.000000 0.000000 0.000000 0.000000
-2.766000 48.104000 -2.310000 48.239000
-2.760000 48.108000 -2.313000 48.243000
-2.764000 48.104000 -2.314000 48.240000
-2.765000 48.098000 -2.317000 48.234000
-2.765000 48.101000 -2.309000 48.236000
-2.765000 48.104000 -2.316000 48.237000
-2.770000 48.107000 -2.313000 48.240000
-2.762000 48.105000 -2.306000 48.240000
-2.770000 48.103000 -2.301000 48.237000
-2.773000 48.102000 -2.316000 48.238000
-2.770000 48.104000 -2.304000 48.238000
-2.766000 48.102000 -2.308000 48.237000
-2.765000 48.104000 -2.311000 48.239000
-2.759000 48.102000 -2.307000 48.237000
-2.755000 48.102000 -2.305000 48.236000
-2.759000 48.105000 -2.308000 48.238000
-2.754000 48.101000 -2.308000 48.235000
-2.751000 48.104000 -2.306000 48.239000
-2.765000 48.100000 -2.308000 48.234000
-2.763000 48.103000 -2.308000 48.236000
-2.762000 48.104000 -2.314000 48.238000
-2.753000 48.104000 -2.310000 48.238000
-2.756000 48.103000 -2.325000 48.238000
-2.761000 48.103000 -2.310000 48.238000
-2.760000 48.102000 -2.311000 48.237000
-2.757000 48.103000 -2.308000 48.238000
-2.760000 48.099000 -2.303000 48.233000
-2.754000 48.103000 -2.294000 48.234000
-2.762000 48.107000 -2.311000 48.241000
-2.756000 48.104000 -2.304000 48.239000
-2.753000 48.102000 -2.304000 48.236000
-2.756000 48.101000 -2.317000 48.236000
-2.750000 48.101000 -2.313000 48.235000
-2.746000 48.099000 -2.291000 48.232000
-2.752000 48.101000 -2.313000 48.235000
-2.746000 48.101000 -2.297000 48.235000
-2.755000 48.103000 -2.295000 48.235000
-2.754000 48.104000 -2.310000 48.239000
-2.760000 48.103000 -2.309000 48.237000
-2.755000 48.106000 -2.311000 48.239000
-2.753000 48.103000 -2.308000 48.238000
-2.753000 48.105000 -2.295000 48.238000
-2.750000 48.105000 -2.297000 48.239000
-2.755000 48.105000 -2.308000 48.239000
-2.754000 48.106000 -2.310000 48.240000
-2.756000 48.103000 -2.298000 48.236000
-2.749000 48.105000 -2.303000 48.238000
-2.753000 48.105000 -2.314000 48.240000
-2.751000 48.105000 -2.320000 48.240000
-2.760000 48.103000 -2.298000 48.236000
-2.754000 48.105000 -2.298000 48.238000
-2.754000 48.106000 -2.315000 48.239000
-2.761000 48.103000 -2.314000 48.238000
-2.759000 48.105000 -2.311000 48.240000
-2.756000 48.104000 -2.319000 48.237000
-2.761000 48.107000 -2.306000 48.241000
-2.761000 48.106000 -2.313000 48.241000
-2.754000 48.106000 -2.306000 48.240000
-2.751000 48.105000 -2.304000 48.238000
-2.767000 48.107000 -2.307000 48.241000
-2.754000 48.106000 -2.305000 48.240000
-2.754000 48.107000 -2.307000 48.241000
-2.757000 48.107000 -2.308000 48.241000
-2.752000 48.107000 -2.308000 48.241000
-2.756000 48.106000 -2.305000 48.240000
-2.754000 48.106000 -2.314000 48.239000
-2.760000 48.108000 -2.317000 48.241000
-2.757000 48.104000 -2.306000 48.240000
-2.750000 48.106000 -2.317000 48.240000
-2.761000 48.106000 -2.316000 48.241000
-2.751000 48.105000 -2.315000 48.239000
-2.755000 48.105000 -2.314000 48.239000
-2.757000 48.104000 -2.317000 48.239000
-2.749000 48.102000 -2.308000 48.235000
-2.751000 48.104000 -2.310000 48.238000
-2.762000 48.105000 -2.301000 48.239000
-2.764000 48.102000 -2.306000 48.238000
-2.767000 48.102000 -2.317000 48.236000
-2.759000 48.103000 -2.311000 48.237000
-2.759000 48.106000 -2.319000 48.241000
-2.770000 48.106000 -2.310000 48.240000
-2.763000 48.107000 -2.308000 48.241000
-2.760000 48.107000 -2.318000 48.242000
-2.757000 48.105000 -2.315000 48.239000
-2.755000 48.103000 -2.316000 48.237000
-2.766000 48.103000 -2.302000 48.238000
-2.761000 48.104000 -2.315000 48.239000
-2.764000 48.104000 -2.320000 48.239000
-2.763000 48.105000 -2.319000 48.240000
-2.770000 48.105000 -2.318000 48.240000
-2.762000 48.102000 -2.324000 48.238000
-2.770000 48.105000 -2.324000 48.239000
-2.761000 48.106000 -2.319000 48.240000
-2.760000 48.106000 -2.311000 48.240000
-2.764000 48.106000 -2.315000 48.239000
-2.761000 48.109000 -2.322000 48.244000
-2.762000 48.110000 -2.318000 48.245000
-2.763000 48.106000 -2.325000 48.242000
-2.764000 48.103000 -2.329000 48.239000
-2.764000 48.106000 -2.316000 48.241000
-2.760000 48.105000 -2.321000 48.240000
-2.756000 48.106000 -2.322000 48.241000
-2.767000 48.105000 -2.318000 48.240000
-2.755000 48.111000 -2.317000 48.246000
-2.771000 48.107000 -2.322000 48.242000
-2.756000 48.108000 -2.309000 48.243000
-2.753000 48.104000 -2.314000 48.240000
-2.761000 48.105000 -2.318000 48.241000
-2.761000 48.106000 -2.324000 48.241000
-2.770000 48.105000 -2.307000 48.240000
-2.756000 48.105000 -2.322000 48.240000
-2.756000 48.104000 -2.320000 48.239000
-2.750000 48.109000 -2.319000 48.243000
-2.761000 48.107000 -2.318000 48.242000
-2.754000 48.109000 -2.316000 48.244000
-2.757000 48.108000 -2.315000 48.243000
-2.761000 48.107000 -2.319000 48.240000
-2.760000 48.102000 -2.322000 48.238000
-2.759000 48.101000 -2.315000 48.235000
-2.764000 48.107000 -2.307000 48.240000
-2.755000 48.108000 -2.313000 48.244000
-2.752000 48.107000 -2.311000 48.242000
-2.748000 48.107000 -2.315000 48.241000
-2.757000 48.109000 -2.313000 48.243000
-2.759000 48.106000 -2.316000 48.240000
-2.757000 48.108000 -2.306000 48.242000
-2.762000 48.107000 -2.307000 48.242000
-2.751000 48.104000 -2.306000 48.238000
-2.765000 48.105000 -2.319000 48.239000
-2.759000 48.104000 -2.310000 48.238000
-2.746000 48.107000 -2.317000 48.242000
-2.761000 48.107000 -2.321000 48.241000
-2.755000 48.110000 -2.315000 48.242000
-2.745000 48.108000 -2.319000 48.243000
-2.757000 48.105000 -2.310000 48.240000
-2.742000 48.107000 -2.308000 48.242000
-2.751000 48.106000 -2.311000 48.241000
-2.755000 48.106000 -2.311000 48.240000
-2.755000 48.104000 -2.315000 48.238000
-2.753000 48.104000 -2.316000 48.238000
-2.757000 48.105000 -2.305000 48.239000
-2.755000 48.104000 -2.313000 48.238000
-2.751000 48.109000 -2.313000 48.243000
-2.754000 48.109000 -2.308000 48.244000
-2.757000 48.104000 -2.308000 48.239000
-2.751000 48.105000 -2.304000 48.238000
-2.750000 48.109000 -2.298000 48.243000
-2.751000 48.101000 -2.316000 48.236000
-2.750000 48.101000 -2.314000 48.233000
-2.743000 48.103000 -2.315000 48.237000
-2.761000 48.103000 -2.309000 48.237000
-2.754000 48.101000 -2.310000 48.235000
-2.748000 48.104000 -2.310000 48.237000
-2.750000 48.106000 -2.306000 48.240000
-2.755000 48.108000 -2.317000 48.243000
-2.763000 48.104000 -2.304000 48.237000
-2.749000 48.105000 -2.301000 48.238000
-2.749000 48.103000 -2.297000 48.237000
-2.748000 48.104000 -2.302000 48.238000
-2.746000 48.104000 -2.303000 48.237000
-2.752000 48.105000 -2.303000 48.238000
-2.750000 48.103000 -2.310000 48.236000
-2.748000 48.103000 -2.306000 48.236000
-2.750000 48.100000 -2.305000 48.234000
-2.749000 48.098000 -2.315000 48.233000
-2.742000 48.101000 -2.303000 48.235000
-2.742000 48.099000 -2.304000 48.233000
-2.756000 48.104000 -2.305000 48.237000
-2.746000 48.102000 -2.302000 48.235000
-2.745000 48.104000 -2.307000 48.238000
-2.746000 48.102000 -2.307000 48.236000
-2.744000 48.101000 -2.309000 48.235000
-2.755000 48.100000 -2.313000 48.234000
-2.743000 48.102000 -2.305000 48.235000
-2.738000 48.104000 -2.319000 48.239000
-2.746000 48.107000 -2.324000 48.240000
-2.751000 48.106000 -2.318000 48.241000
-2.752000 48.102000 -2.313000 48.236000
-2.749000 48.105000 -2.319000 48.240000
-2.746000 48.104000 -2.310000 48.238000
-2.744000 48.104000 -2.304000 48.238000
-2.752000 48.102000 -2.298000 48.235000
-2.744000 48.106000 -2.307000 48.240000
-2.754000 48.107000 -2.307000 48.241000
-2.744000 48.108000 -2.298000 48.240000
-2.750000 48.110000 -2.293000 48.243000
-2.746000 48.107000 -2.303000 48.241000
-2.754000 48.109000 -2.309000 48.242000
-2.741000 48.108000 -2.299000 48.241000
-2.751000 48.106000 -2.319000 48.240000
-2.744000 48.106000 -2.316000 48.240000
-2.749000 48.105000 -2.304000 48.239000
-2.755000 48.104000 -2.305000 48.240000
-2.753000 48.105000 -2.315000 48.239000
-2.746000 48.107000 -2.304000 48.240000
-2.738000 48.107000 -2.318000 48.241000
-2.755000 48.107000 -2.320000 48.242000
-2.751000 48.106000 -2.315000 48.240000
-2.748000 48.104000 -2.314000 48.239000
-2.756000 48.106000 -2.315000 48.240000
-2.749000 48.106000 -2.308000 48.241000
-2.753000 48.104000 -2.302000 48.238000
-2.749000 48.106000 -2.313000 48.240000
-2.740000 48.109000 -2.304000 48.243000
-2.749000 48.111000 -2.313000 48.243000
-2.748000 48.110000 -2.317000 48.244000
-2.757000 48.108000 -2.317000 48.241000
-2.757000 48.108000 -2.315000 48.242000
-2.740000 48.105000 -2.313000 48.238000
-2.761000 48.107000 -2.316000 48.242000
-2.744000 48.106000 -2.314000 48.240000
-2.744000 48.109000 -2.311000 48.242000
-2.751000 48.106000 -2.315000 48.241000
-2.763000 48.107000 -2.321000 48.241000
-2.750000 48.110000 -2.327000 48.242000
-2.753000 48.112000 -2.319000 48.247000
-2.757000 48.112000 -2.318000 48.246000
-2.751000 48.109000 -2.326000 48.244000
-2.759000 48.108000 -2.319000 48.242000
-2.749000 48.108000 -2.317000 48.241000
-2.759000 48.108000 -2.311000 48.242000
-2.757000 48.107000 -2.319000 48.240000
-2.757000 48.107000 -2.311000 48.242000
-2.754000 48.108000 -2.306000 48.242000
-2.746000 48.111000 -2.314000 48.245000
-2.752000 48.107000 -2.307000 48.241000
-2.754000 48.105000 -2.316000 48.239000
-2.759000 48.105000 -2.314000 48.239000
-2.761000 48.106000 -2.315000 48.240000
-2.756000 48.108000 -2.318000 48.241000
-2.754000 48.110000 -2.314000 48.246000
-2.759000 48.108000 -2.319000 48.242000
-2.761000 48.110000 -2.314000 48.243000
-2.744000 48.106000 -2.330000 48.241000
-2.760000 48.109000 -2.313000 48.244000
-2.759000 48.108000 -2.314000 48.243000
-2.759000 48.107000 -2.319000 48.242000
-2.757000 48.105000 -2.314000 48.242000
-2.761000 48.105000 -2.320000 48.240000
-2.765000 48.106000 -2.320000 48.242000
-2.754000 48.107000 -2.320000 48.242000
-2.754000 48.105000 -2.320000 48.240000
-2.764000 48.107000 -2.318000 48.242000
-2.762000 48.108000 -2.324000 48.244000
-2.756000 48.107000 -2.325000 48.241000
-2.760000 48.104000 -2.318000 48.240000
-2.765000 48.105000 -2.322000 48.239000
-2.754000 48.110000 -2.324000 48.244000
-2.759000 48.109000 -2.319000 48.245000
-2.763000 48.106000 -2.330000 48.241000
-2.761000 48.109000 -2.320000 48.244000
-2.759000 48.107000 -2.329000 48.242000
-2.765000 48.109000 -2.329000 48.242000
-2.764000 48.107000 -2.321000 48.242000
-2.759000 48.108000 -2.321000 48.243000
-2.763000 48.110000 -2.320000 48.245000
-2.757000 48.110000 -2.321000 48.245000
-2.765000 48.109000 -2.317000 48.244000
-2.755000 48.108000 -2.326000 48.243000
-2.762000 48.108000 -2.316000 48.243000
-2.759000 48.107000 -2.326000 48.242000
-2.767000 48.109000 -2.318000 48.244000
-2.760000 48.110000 -2.329000 48.244000
-2.744000 48.112000 -2.335000 48.248000
-2.753000 48.110000 -2.331000 48.245000
-2.759000 48.109000 -2.331000 48.245000
-2.760000 48.106000 -2.321000 48.241000
-2.763000 48.106000 -2.327000 48.239000
-2.756000 48.108000 -2.322000 48.243000
-2.763000 48.107000 -2.319000 48.243000
-2.754000 48.107000 -2.314000 48.241000
-2.757000 48.113000 -2.315000 48.247000
-2.754000 48.111000 -2.320000 48.246000
-2.750000 48.112000 -2.330000 48.247000
-2.753000 48.110000 -2.318000 48.244000
-2.754000 48.107000 -2.321000 48.242000
-2.763000 48.110000 -2.325000 48.241000
-2.750000 48.110000 -2.329000 48.244000
-2.751000 48.106000 -2.318000 48.240000
-2.753000 48.109000 -2.330000 48.243000
-2.756000 48.106000 -2.327000 48.241000
-2.750000 48.110000 -2.317000 48.244000
-2.751000 48.111000 -2.319000 48.245000
-2.742000 48.111000 -2.309000 48.244000
-2.756000 48.110000 -2.322000 48.246000
-2.756000 48.112000 -2.317000 48.247000
-2.750000 48.107000 -2.320000 48.243000
-2.750000 48.105000 -2.317000 48.240000
-2.754000 48.109000 -2.317000 48.243000
-2.759000 48.110000 -2.319000 48.245000
-2.739000 48.113000 -2.318000 48.248000
-2.741000 48.110000 -2.327000 48.245000
-2.751000 48.108000 -2.313000 48.242000
-2.745000 48.113000 -2.309000 48.247000
-2.745000 48.111000 -2.313000 48.246000
-2.760000 48.111000 -2.316000 48.245000
-2.749000 48.108000 -2.315000 48.243000
-2.756000 48.106000 -2.316000 48.239000
-2.760000 48.111000 -2.311000 48.245000
-2.750000 48.110000 -2.319000 48.244000
-2.753000 48.109000 -2.318000 48.243000
-2.753000 48.108000 -2.315000 48.242000
-2.751000 48.113000 -2.321000 48.247000
-2.750000 48.111000 -2.324000 48.245000
-2.741000 48.110000 -2.318000 48.244000
-2.734000 48.106000 -2.314000 48.240000
-2.754000 48.109000 -2.321000 48.244000
-2.748000 48.107000 -2.320000 48.242000
-2.754000 48.106000 -2.317000 48.240000
-2.736000 48.107000 -2.310000 48.242000
-2.755000 48.107000 -2.321000 48.240000
-2.750000 48.110000 -2.324000 48.244000
-2.743000 48.110000 -2.309000 48.243000
-2.742000 48.110000 -2.304000 48.241000
-2.735000 48.112000 -2.311000 48.244000
-2.744000 48.107000 -2.314000 48.242000
-2.751000 48.109000 -2.310000 48.243000
-2.753000 48.106000 -2.315000 48.241000
-2.751000 48.107000 -2.319000 48.241000
-2.745000 48.105000 -2.316000 48.239000
-2.752000 48.109000 -2.310000 48.243000
-2.743000 48.107000 -2.317000 48.241000
-2.750000 48.110000 -2.319000 48.244000
-2.742000 48.110000 -2.327000 48.244000
-2.739000 48.104000 -2.316000 48.239000
-2.751000 48.106000 -2.322000 48.239000
-2.748000 48.108000 -2.315000 48.243000
-2.741000 48.107000 -2.311000 48.241000
-2.741000 48.107000 -2.317000 48.241000
-2.740000 48.105000 -2.310000 48.239000
-2.746000 48.109000 -2.307000 48.242000
-2.746000 48.105000 -2.296000 48.239000
-2.748000 48.105000 -2.307000 48.236000
-2.752000 48.104000 -2.314000 48.238000
-2.752000 48.102000 -2.310000 48.236000
-2.754000 48.105000 -2.306000 48.239000
-2.743000 48.104000 -2.309000 48.237000
-2.734000 48.108000 -2.317000 48.241000
-2.735000 48.106000 -2.311000 48.242000
-2.743000 48.104000 -2.314000 48.237000
-2.744000 48.106000 -2.317000 48.239000
-2.740000 48.103000 -2.303000 48.236000
-2.742000 48.109000 -2.299000 48.242000
-2.741000 48.110000 -2.306000 48.243000
-2.744000 48.108000 -2.304000 48.242000
-2.744000 48.110000 -2.302000 48.243000
-2.745000 48.108000 -2.315000 48.241000
-2.740000 48.107000 -2.308000 48.240000
-2.751000 48.106000 -2.320000 48.240000
-2.736000 48.105000 -2.321000 48.239000
-2.742000 48.104000 -2.310000 48.238000
-2.748000 48.108000 -2.322000 48.243000
-2.741000 48.109000 -2.315000 48.243000
-2.731000 48.109000 -2.314000 48.244000
-2.746000 48.107000 -2.317000 48.240000
-2.749000 48.108000 -2.318000 48.242000
-2.745000 48.106000 -2.307000 48.239000
-2.740000 48.109000 -2.317000 48.241000
-2.743000 48.111000 -2.309000 48.243000
-2.735000 48.110000 -2.305000 48.244000
-2.745000 48.110000 -2.313000 48.244000
-2.745000 48.110000 -2.310000 48.243000
-2.739000 48.109000 -2.309000 48.242000
-2.752000 48.110000 -2.307000 48.244000
-2.740000 48.107000 -2.309000 48.241000
-2.739000 48.106000 -2.316000 48.239000
-2.743000 48.107000 -2.315000 48.240000
-2.751000 48.105000 -2.306000 48.239000
-2.748000 48.105000 -2.314000 48.240000
-2.741000 48.106000 -2.325000 48.241000
-2.742000 48.106000 -2.317000 48.240000
-2.739000 48.109000 -2.314000 48.243000
-2.741000 48.111000 -2.328000 48.244000
-2.753000 48.109000 -2.314000 48.243000
-2.749000 48.107000 -2.325000 48.241000
-2.742000 48.107000 -2.317000 48.241000
-2.755000 48.107000 -2.317000 48.242000
-2.746000 48.108000 -2.314000 48.243000
-2.749000 48.107000 -2.305000 48.240000
-2.749000 48.110000 -2.309000 48.244000
-2.750000 48.109000 -2.320000 48.243000
-2.751000 48.108000 -2.316000 48.242000
-2.745000 48.110000 -2.311000 48.243000
-2.749000 48.112000 -2.319000 48.247000
-2.740000 48.110000 -2.320000 48.245000
-2.755000 48.107000 -2.311000 48.241000
-2.755000 48.107000 -2.325000 48.241000
-2.759000 48.106000 -2.319000 48.241000
-2.757000 48.107000 -2.319000 48.240000
-2.740000 48.106000 -2.320000 48.242000
-2.743000 48.111000 -2.316000 48.245000
-2.760000 48.115000 -2.317000 48.249000
-2.750000 48.112000 -2.324000 48.247000
-2.744000 48.113000 -2.309000 48.246000
-2.753000 48.108000 -2.311000 48.242000
-2.749000 48.110000 -2.318000 48.244000
-2.743000 48.109000 -2.318000 48.243000
-2.757000 48.112000 -2.315000 48.247000
-2.748000 48.111000 -2.318000 48.244000
-2.748000 48.108000 -2.311000 48.241000
-2.749000 48.110000 -2.306000 48.244000
-2.751000 48.115000 -2.326000 48.249000
-2.752000 48.112000 -2.318000 48.246000
-2.746000 48.108000 -2.329000 48.243000
-2.746000 48.109000 -2.320000 48.244000
-2.765000 48.109000 -2.328000 48.244000
-2.751000 48.108000 -2.325000 48.243000
-2.762000 48.109000 -2.319000 48.243000
-2.756000 48.108000 -2.329000 48.243000
-2.748000 48.110000 -2.326000 48.244000
-2.752000 48.111000 -2.319000 48.245000
-2.753000 48.111000 -2.317000 48.245000
-2.760000 48.112000 -2.335000 48.247000
-2.754000 48.108000 -2.322000 48.243000
-2.753000 48.109000 -2.322000 48.244000
-2.761000 48.112000 -2.336000 48.248000
-2.752000 48.110000 -2.326000 48.245000
-2.755000 48.111000 -2.325000 48.245000
-2.753000 48.108000 -2.318000 48.242000
-2.752000 48.109000 -2.317000 48.243000
-2.762000 48.108000 -2.325000 48.242000
-2.757000 48.110000 -2.331000 48.245000
-2.756000 48.108000 -2.327000 48.244000
-2.757000 48.108000 -2.330000 48.243000
-2.764000 48.110000 -2.337000 48.245000
-2.751000 48.109000 -2.327000 48.245000
-2.763000 48.112000 -2.333000 48.247000
-2.754000 48.109000 -2.331000 48.244000
-2.753000 48.111000 -2.318000 48.245000
-2.754000 48.112000 -2.327000 48.247000
-2.759000 48.112000 -2.335000 48.247000
-2.764000 48.114000 -2.327000 48.249000
-2.752000 48.112000 -2.329000 48.247000
-2.756000 48.111000 -2.332000 48.246000
-2.764000 48.111000 -2.317000 48.246000
-2.753000 48.109000 -2.320000 48.244000
-2.756000 48.111000 -2.319000 48.246000
-2.752000 48.110000 -2.327000 48.245000
-2.761000 48.113000 -2.339000 48.248000
-2.742000 48.113000 -2.329000 48.248000
-2.757000 48.113000 -2.340000 48.247000
-2.750000 48.114000 -2.327000 48.247000
-2.751000 48.114000 -2.330000 48.248000
-2.745000 48.112000 -2.329000 48.246000
-2.749000 48.110000 -2.331000 48.245000
-2.748000 48.107000 -2.327000 48.242000
-2.755000 48.108000 -2.325000 48.243000
-2.750000 48.111000 -2.329000 48.246000
-2.749000 48.111000 -2.330000 48.246000
-2.744000 48.118000 -2.325000 48.251000
-2.745000 48.113000 -2.329000 48.248000
-2.744000 48.111000 -2.337000 48.247000
-2.744000 48.111000 -2.321000 48.243000
-2.748000 48.111000 -2.319000 48.244000
-2.752000 48.112000 -2.322000 48.248000
-2.750000 48.110000 -2.328000 48.246000
-2.744000 48.110000 -2.330000 48.245000
-2.751000 48.110000 -2.324000 48.246000
-2.751000 48.111000 -2.329000 48.246000
-2.755000 48.115000 -2.330000 48.250000
-2.748000 48.115000 -2.321000 48.250000
-2.745000 48.113000 -2.320000 48.247000
-2.751000 48.110000 -2.319000 48.245000
-2.745000 48.108000 -2.322000 48.243000
-2.744000 48.111000 -2.319000 48.245000
-2.745000 48.112000 -2.313000 48.246000
-2.757000 48.114000 -2.316000 48.248000
-2.742000 48.113000 -2.317000 48.246000
-2.753000 48.113000 -2.318000 48.246000
-2.754000 48.113000 -2.311000 48.248000
-2.744000 48.112000 -2.316000 48.246000
-2.751000 48.109000 -2.327000 48.244000
-2.745000 48.111000 -2.321000 48.243000
-2.743000 48.113000 -2.318000 48.247000
-2.750000 48.111000 -2.324000 48.246000
-2.734000 48.110000 -2.321000 48.244000
-2.755000 48.110000 -2.329000 48.245000
-2.741000 48.110000 -2.326000 48.244000
-2.742000 48.111000 -2.325000 48.245000
-2.735000 48.112000 -2.328000 48.246000
-2.742000 48.114000 -2.326000 48.249000
-2.744000 48.110000 -2.318000 48.246000
-2.746000 48.111000 -2.336000 48.245000
-2.740000 48.110000 -2.324000 48.243000
-2.745000 48.112000 -2.325000 48.245000
-2.746000 48.110000 -2.318000 48.244000
-2.750000 48.111000 -2.320000 48.245000
-2.739000 48.112000 -2.321000 48.246000
-2.753000 48.114000 -2.319000 48.248000
-2.746000 48.111000 -2.309000 48.245000
-2.746000 48.111000 -2.311000 48.244000
-2.739000 48.110000 -2.315000 48.244000
-2.750000 48.109000 -2.317000 48.244000
-2.743000 48.109000 -2.310000 48.242000
-2.745000 48.108000 -2.314000 48.243000
-2.732000 48.109000 -2.320000 48.241000
-2.742000 48.110000 -2.319000 48.245000
-2.739000 48.108000 -2.330000 48.242000
-2.739000 48.111000 -2.317000 48.244000
-2.757000 48.110000 -2.331000 48.246000
-2.735000 48.108000 -2.322000 48.242000
-2.743000 48.108000 -2.318000 48.242000
-2.744000 48.108000 -2.307000 48.241000
-2.741000 48.110000 -2.319000 48.244000
-2.735000 48.108000 -2.305000 48.241000
-2.738000 48.110000 -2.313000 48.244000
-2.736000 48.108000 -2.314000 48.243000
-2.742000 48.109000 -2.313000 48.241000
-2.734000 48.109000 -2.318000 48.241000
-2.744000 48.108000 -2.311000 48.242000
-2.728000 48.105000 -2.316000 48.239000
-2.748000 48.109000 -2.306000 48.243000
-2.738000 48.105000 -2.329000 48.239000
-2.738000 48.106000 -2.321000 48.240000
-2.731000 48.103000 -2.322000 48.237000
-2.727000 48.107000 -2.321000 48.240000
-2.744000 48.108000 -2.315000 48.242000
-2.740000 48.109000 -2.307000 48.243000
-2.736000 48.111000 -2.313000 48.245000
-2.744000 48.109000 -2.314000 48.243000
-2.741000 48.107000 -2.306000 48.240000
-2.736000 48.108000 -2.318000 48.242000
-2.744000 48.106000 -2.319000 48.242000
-2.739000 48.107000 -2.313000 48.242000
-2.740000 48.107000 -2.316000 48.240000
-2.744000 48.113000 -2.317000 48.247000
-2.740000 48.110000 -2.316000 48.243000
-2.741000 48.106000 -2.310000 48.240000
-2.746000 48.107000 -2.309000 48.240000
-2.745000 48.108000 -2.308000 48.242000
-2.743000 48.110000 -2.308000 48.243000
-2.739000 48.113000 -2.316000 48.246000
-2.750000 48.111000 -2.314000 48.244000
-2.735000 48.113000 -2.319000 48.247000
-2.748000 48.109000 -2.319000 48.243000
-2.757000 48.112000 -2.314000 48.246000
-2.749000 48.110000 -2.320000 48.244000
-2.745000 48.109000 -2.325000 48.244000
-2.736000 48.109000 -2.320000 48.242000
-2.738000 48.110000 -2.332000 48.245000
-2.739000 48.109000 -2.321000 48.243000
-2.740000 48.112000 -2.322000 48.246000
-2.743000 48.111000 -2.332000 48.245000
-2.748000 48.111000 -2.324000 48.246000
-2.752000 48.110000 -2.327000 48.245000
-2.743000 48.109000 -2.325000 48.244000
-2.746000 48.107000 -2.315000 48.242000
-2.742000 48.111000 -2.314000 48.246000
-2.739000 48.112000 -2.321000 48.247000
-2.746000 48.113000 -2.313000 48.247000
-2.751000 48.113000 -2.314000 48.247000
-2.748000 48.115000 -2.315000 48.250000
-2.751000 48.111000 -2.324000 48.246000
-2.743000 48.111000 -2.314000 48.246000
-2.746000 48.112000 -2.325000 48.248000
-2.755000 48.109000 -2.317000 48.243000
-2.752000 48.111000 -2.327000 48.246000
-2.739000 48.112000 -2.321000 48.246000
-2.755000 48.111000 -2.320000 48.246000
-2.742000 48.110000 -2.326000 48.244000
-2.748000 48.110000 -2.337000 48.245000
-2.751000 48.113000 -2.324000 48.248000
-2.746000 48.114000 -2.331000 48.249000
-2.750000 48.108000 -2.316000 48.243000
-2.740000 48.112000 -2.332000 48.247000
-2.753000 48.111000 -2.330000 48.246000
-2.750000 48.108000 -2.326000 48.243000
-2.753000 48.111000 -2.313000 48.244000
-2.754000 48.109000 -2.319000 48.244000
-2.752000 48.112000 -2.320000 48.246000
-2.750000 48.113000 -2.332000 48.249000
-2.743000 48.113000 -2.324000 48.247000
-2.753000 48.113000 -2.328000 48.247000
-2.741000 48.113000 -2.321000 48.247000
-2.753000 48.112000 -2.318000 48.246000
-2.755000 48.110000 -2.327000 48.245000
-2.759000 48.113000 -2.327000 48.248000
-2.757000 48.113000 -2.318000 48.247000
-2.756000 48.112000 -2.310000 48.246000
-2.751000 48.110000 -2.336000 48.245000
-2.757000 48.112000 -2.331000 48.245000
-2.746000 48.113000 -2.326000 48.247000
-2.760000 48.112000 -2.335000 48.247000
-2.756000 48.110000 -2.329000 48.245000
-2.760000 48.111000 -2.326000 48.246000
-2.754000 48.114000 -2.320000 48.248000
-2.760000 48.109000 -2.329000 48.244000
-2.755000 48.109000 -2.329000 48.242000
-2.757000 48.111000 -2.327000 48.245000
-2.753000 48.110000 -2.333000 48.245000
-2.756000 48.111000 -2.327000 48.246000
-2.743000 48.111000 -2.341000 48.246000
-2.750000 48.110000 -2.330000 48.245000
-2.742000 48.110000 -2.338000 48.244000
-2.746000 48.111000 -2.333000 48.246000
-2.757000 48.112000 -2.335000 48.247000
-2.745000 48.114000 -2.341000 48.250000
-2.744000 48.110000 -2.330000 48.245000
-2.751000 48.113000 -2.332000 48.248000
-2.750000 48.115000 -2.332000 48.249000
-2.738000 48.116000 -2.335000 48.252000
-2.741000 48.114000 -2.329000 48.249000
-2.745000 48.113000 -2.335000 48.247000
-2.752000 48.113000 -2.330000 48.248000
-2.751000 48.115000 -2.327000 48.249000
-2.745000 48.113000 -2.333000 48.249000
-2.740000 48.109000 -2.335000 48.245000
-2.740000 48.111000 -2.333000 48.244000
-2.743000 48.114000 -2.330000 48.248000
-2.749000 48.113000 -2.337000 48.248000
-2.751000 48.111000 -2.335000 48.246000
-2.754000 48.112000 -2.333000 48.247000
-2.745000 48.112000 -2.328000 48.246000
-2.744000 48.111000 -2.322000 48.246000
-2.744000 48.111000 -2.325000 48.245000
-2.749000 48.114000 -2.325000 48.248000
-2.752000 48.111000 -2.324000 48.246000
-2.743000 48.113000 -2.322000 48.248000
-2.741000 48.110000 -2.336000 48.246000
-2.750000 48.110000 -2.329000 48.244000
-2.748000 48.110000 -2.328000 48.245000
-2.745000 48.113000 -2.330000 48.246000
-2.738000 48.114000 -2.327000 48.250000
-2.743000 48.109000 -2.327000 48.244000
-2.740000 48.109000 -2.324000 48.243000
-2.745000 48.108000 -2.319000 48.243000
-2.742000 48.110000 -2.326000 48.244000
-2.746000 48.108000 -2.328000 48.242000
-2.743000 48.107000 -2.322000 48.241000
-2.744000 48.110000 -2.333000 48.244000
-2.741000 48.113000 -2.313000 48.246000
-2.735000 48.115000 -2.321000 48.250000
-2.739000 48.111000 -2.317000 48.247000
-2.742000 48.109000 -2.317000 48.243000
-2.740000 48.109000 -2.322000 48.243000
-2.744000 48.109000 -2.327000 48.242000
-2.738000 48.110000 -2.327000 48.242000
-2.735000 48.109000 -2.320000 48.242000
-2.736000 48.109000 -2.314000 48.242000
-2.741000 48.105000 -2.318000 48.239000
-2.743000 48.109000 -2.309000 48.242000
-2.743000 48.108000 -2.326000 48.242000
-2.749000 48.109000 -2.322000 48.244000
-2.734000 48.107000 -2.316000 48.242000
-2.749000 48.107000 -2.316000 48.239000
-2.733000 48.110000 -2.319000 48.244000
-2.735000 48.111000 -2.317000 48.244000
-2.740000 48.108000 -2.317000 48.243000
-2.744000 48.106000 -2.320000 48.240000
-2.745000 48.108000 -2.321000 48.242000
-2.738000 48.110000 -2.332000 48.244000
-2.740000 48.110000 -2.330000 48.245000
-2.743000 48.107000 -2.328000 48.241000
-2.746000 48.112000 -2.330000 48.246000
-2.748000 48.111000 -2.324000 48.245000
-2.739000 48.112000 -2.318000 48.246000
-2.738000 48.112000 -2.314000 48.245000
-2.754000 48.111000 -2.315000 48.247000
-2.745000 48.112000 -2.325000 48.245000
-2.751000 48.111000 -2.330000 48.245000
-2.738000 48.111000 -2.314000 48.245000
-2.745000 48.112000 -2.331000 48.245000
-2.743000 48.110000 -2.333000 48.244000
-2.743000 48.109000 -2.337000 48.244000
-2.748000 48.109000 -2.335000 48.244000
-2.748000 48.111000 -2.329000 48.246000
-2.740000 48.112000 -2.329000 48.247000
-2.746000 48.114000 -2.325000 48.249000
-2.746000 48.111000 -2.329000 48.247000
-2.753000 48.112000 -2.338000 48.248000
-2.744000 48.112000 -2.319000 48.247000
